b2,A2,1578986233277,-55
b2,Bed4,1578986233347,-57
b2,C4,1578986233354,-73
b2,E9,1578986233358,-79
b2,E10,1578986233361,-74
b2,Bed10,1578986233372,-81
b2,Bed4,1578986233857,-63
b2,C4,1578986233864,-68
b2,E15,1578986233864,-54
b2,D2,1578986233866,-67
b2,E9,1578986233866,-78
b2,E10,1578986233871,-68
b2,E11,1578986233875,-79
b2,E8,1578986233891,-89
b2,C3,1578986234349,-77
b2,C4,1578986234372,-79
b2,E11,1578986234384,-80
b2,Bed2,1578986234395,-71
b2,A2,1578986234800,-62
b2,Bed4,1578986234868,-70
b2,C4,1578986234875,-70
b2,E15,1578986234875,-63
b2,E9,1578986234877,-84
b2,D2,1578986234879,-69
b2,E10,1578986234882,-86
b2,E11,1578986234888,-84
b2,Bed10,1578986234893,-89
b2,Bed2,1578986234898,-72
b2,E8,1578986234903,-87
b2,C3,1578986235358,-66
b2,Bed4,1578986235375,-68
b2,E14,1578986235381,-78
b2,C4,1578986235381,-73
b2,E9,1578986235382,-86
b2,E11,1578986235394,-79
b2,Bed2,1578986235404,-68
b2,E8,1578986235408,-85
b2,E8,1578986236420,-85
b2,A2,1578986236821,-55
b2,C3,1578986236875,-71
b2,Bed4,1578986236892,-61
b2,E14,1578986236897,-77
b2,C4,1578986236899,-70
b2,E10,1578986236906,-69
b2,E11,1578986236910,-75
b2,Bed10,1578986236917,-89
b2,Bed2,1578986236921,-68
b2,E8,1578986236926,-89
b2,C3,1578986237380,-72
b2,Bed4,1578986237398,-74
b2,E14,1578986237402,-77
b2,E15,1578986237404,-65
b2,C4,1578986237405,-70
b2,D2,1578986237407,-68
b2,E10,1578986237412,-71
b2,E11,1578986237416,-74
b2,Bed10,1578986237423,-78
b2,Bed2,1578986237425,-83
b2,E8,1578986237432,-88
b2,A2,1578986237836,-52
b2,C3,1578986237889,-74
b2,C4,1578986237913,-80
b2,E10,1578986237921,-87
b2,E11,1578986237925,-75
b2,Bed10,1578986237931,-87
b2,Bed2,1578986237934,-71
b2,E8,1578986237940,-84
b2,C3,1578986238397,-72
b2,E14,1578986238420,-76
b2,C4,1578986238422,-77
b2,E15,1578986238422,-56
b2,E9,1578986238423,-85
b2,E11,1578986238433,-77
b2,E8,1578986238449,-96
b2,A2,1578986238852,-69
b2,C3,1578986238903,-72
b2,Bed4,1578986238920,-62
b2,E14,1578986238925,-79
b2,E15,1578986238927,-54
b2,C4,1578986238928,-70
b2,E9,1578986238929,-91
b2,D2,1578986238931,-75
b2,E10,1578986238934,-80
b2,E11,1578986238940,-77
b2,Bed10,1578986238945,-77
b2,E8,1578986238954,-91
b2,A2,1578986239360,-66
b2,Bed4,1578986239429,-62
b2,C4,1578986239435,-66
b2,E9,1578986239437,-76
b2,D2,1578986239440,-65
b2,E10,1578986239442,-89
b2,E11,1578986239449,-73
b2,Bed10,1578986239454,-79
b2,Bed2,1578986239458,-68
b2,E8,1578986239463,-90
b2,A2,1578986239867,-62
b2,C3,1578986239920,-78
b2,E14,1578986239942,-86
b2,E15,1578986239943,-57
b2,E11,1578986239956,-72
b2,Bed2,1578986239966,-72
b2,E14,1578986240445,-87
b2,E9,1578986240447,-90
b2,D2,1578986240449,-58
b2,E11,1578986240458,-74
b2,Bed2,1578986240467,-72
b2,E8,1578986240472,-88
b2,A2,1578986240871,-60
b2,C3,1578986240925,-76
b2,Bed4,1578986240942,-65
b2,E14,1578986240947,-77
b2,C4,1578986240950,-64
b2,D2,1578986240951,-54
b2,E9,1578986240951,-85
b2,E10,1578986240956,-88
b2,E11,1578986240960,-81
b2,Bed10,1578986240967,-86
b2,Bed2,1578986240970,-70
b2,E8,1578986240976,-82
b2,A2,1578986241379,-66
b2,C3,1578986241431,-70
b2,Bed4,1578986241449,-54
b2,C4,1578986241456,-74
b2,E15,1578986241456,-57
b2,D2,1578986241458,-60
b2,E9,1578986241458,-90
b2,E10,1578986241463,-68
b2,E11,1578986241467,-80
b2,Bed10,1578986241474,-92
b2,Bed2,1578986241476,-72
b2,E8,1578986241483,-91
b2,C3,1578986241936,-78
b2,Bed4,1578986241954,-67
b2,E14,1578986241959,-75
b2,E15,1578986241961,-62
b2,C4,1578986241961,-69
b2,E9,1578986241962,-85
b2,D2,1578986241964,-66
b2,E10,1578986241967,-74
b2,Bed10,1578986241978,-73
b2,Bed2,1578986241982,-74
b2,A2,1578986242388,-64
b2,C3,1578986242442,-81
b2,Bed4,1578986242458,-72
b2,E15,1578986242464,-61
b2,C4,1578986242465,-69
b2,E9,1578986242467,-81
b2,D2,1578986242469,-66
b2,E10,1578986242471,-85
b2,E11,1578986242478,-69
b2,Bed10,1578986242484,-75
b2,Bed2,1578986242487,-61
b2,E8,1578986242492,-84
b2,A2,1578986242891,-57
b2,C3,1578986242945,-86
b2,Bed4,1578986242962,-73
b2,E14,1578986242967,-91
b2,E15,1578986242967,-70
b2,E9,1578986242969,-86
b2,D2,1578986242971,-58
b2,E10,1578986242976,-77
b2,E11,1578986242980,-74
b2,Bed10,1578986242987,-81
b2,Bed2,1578986242990,-60
b2,E8,1578986242994,-85
b2,C3,1578986243450,-82
b2,Bed4,1578986243468,-70
b2,E14,1578986243472,-84
b2,E15,1578986243473,-68
b2,C4,1578986243475,-76
b2,D2,1578986243477,-56
b2,E10,1578986243481,-66
b2,E11,1578986243486,-75
b2,Bed10,1578986243493,-85
b2,Bed2,1578986243495,-72
b2,E8,1578986243500,-81
b2,A2,1578986243897,-61
b2,C3,1578986243950,-78
b2,Bed4,1578986243968,-65
b2,E14,1578986243973,-77
b2,E15,1578986243974,-60
b2,C4,1578986243975,-70
b2,E9,1578986243976,-87
b2,D2,1578986243977,-62
b2,E10,1578986243982,-70
b2,E11,1578986243986,-71
b2,Bed10,1578986243993,-81
b2,Bed2,1578986243995,-74
b2,E15,1578986244485,-61
b2,A2,1578986245416,-59
b2,C3,1578986245470,-78
b2,C4,1578986245492,-70
b2,E15,1578986245492,-62
b2,E9,1578986245494,-87
b2,E10,1578986245499,-71
b2,E11,1578986245506,-69
b2,Bed10,1578986245511,-75
b2,Bed2,1578986245515,-62
b2,E8,1578986245520,-79
b2,A2,1578986245917,-55
b2,C3,1578986245970,-85
b2,E14,1578986245992,-89
b2,E15,1578986245993,-71
b2,D2,1578986245996,-62
b2,E10,1578986246001,-68
b2,E11,1578986246006,-76
b2,Bed10,1578986246013,-76
b2,Bed2,1578986246016,-73
b2,E8,1578986246019,-83
b2,A2,1578986246423,-66
b2,C3,1578986246476,-78
b2,Bed4,1578986246493,-55
b2,E14,1578986246498,-85
b2,C4,1578986246500,-74
b2,D2,1578986246502,-63
b2,E9,1578986246502,-89
b2,E10,1578986246507,-78
b2,E11,1578986246511,-72
b2,Bed10,1578986246518,-87
b2,Bed2,1578986246521,-71
b2,E8,1578986246527,-87
b2,C3,1578986246977,-79
b2,Bed4,1578986246994,-59
b2,E14,1578986246999,-76
b2,C4,1578986247001,-69
b2,E15,1578986247001,-70
b2,E9,1578986247003,-84
b2,E10,1578986247008,-75
b2,Bed10,1578986247019,-76
b2,Bed2,1578986247022,-79
b2,E8,1578986247028,-85
b2,A2,1578986247425,-57
b2,C3,1578986247479,-87
b2,C4,1578986247501,-68
b2,E14,1578986247501,-87
b2,E9,1578986247503,-86
b2,E11,1578986247515,-68
b2,E8,1578986247529,-82
b2,A2,1578986247926,-55
b2,Bed4,1578986247996,-59
b2,E14,1578986248002,-87
b2,E15,1578986248002,-66
b2,D2,1578986248005,-69
b2,E10,1578986248010,-67
b2,Bed10,1578986248022,-73
b2,E8,1578986248029,-81
b2,A2,1578986248426,-57
b2,C3,1578986248479,-76
b2,Bed4,1578986248497,-55
b2,E15,1578986248503,-64
b2,D2,1578986248506,-65
b2,E9,1578986248508,-86
b2,E10,1578986248511,-73
b2,E11,1578986248515,-73
b2,C3,1578986248985,-78
b2,E14,1578986249008,-76
b2,C4,1578986249010,-68
b2,E10,1578986249016,-81
b2,Bed2,1578986249031,-74
b2,A2,1578986249438,-57
b2,Bed4,1578986249508,-61
b2,E15,1578986249514,-62
b2,C4,1578986249515,-68
b2,E9,1578986249516,-85
b2,D2,1578986249518,-88
b2,E10,1578986249521,-81
b2,Bed10,1578986249533,-78
b2,Bed4,1578986250514,-56
b2,E14,1578986250519,-88
b2,C4,1578986250521,-77
b2,D2,1578986250522,-65
b2,E9,1578986250523,-86
b2,E10,1578986250527,-78
b2,E11,1578986250533,-75
b2,Bed10,1578986250539,-86
b2,Bed2,1578986250542,-72
b2,A2,1578986250946,-58
b2,C3,1578986250999,-80
b2,Bed4,1578986251017,-59
b2,E14,1578986251022,-74
b2,E15,1578986251023,-67
b2,C4,1578986251024,-69
b2,D2,1578986251026,-64
b2,E9,1578986251026,-85
b2,E10,1578986251031,-68
b2,E11,1578986251036,-73
b2,Bed2,1578986251044,-79
b2,E8,1578986251051,-85
b2,A2,1578986251452,-71
b2,C3,1578986251504,-78
b2,Bed4,1578986251522,-68
b2,E14,1578986251526,-77
b2,E15,1578986251528,-60
b2,E9,1578986251531,-80
b2,D2,1578986251532,-73
b2,E10,1578986251535,-87
b2,Bed10,1578986251547,-77
b2,E8,1578986251556,-81
b2,A2,1578986251954,-59
b2,C3,1578986252007,-85
b2,Bed4,1578986252025,-63
b2,E15,1578986252030,-70
b2,C4,1578986252031,-69
b2,E9,1578986252032,-90
b2,D2,1578986252034,-56
b2,E11,1578986252043,-68
b2,Bed2,1578986252053,-61
b2,E8,1578986252057,-86
b2,A2,1578986252457,-58
b2,C3,1578986252510,-85
b2,Bed4,1578986252528,-61
b2,E15,1578986252532,-66
b2,E14,1578986252532,-88
b2,C4,1578986252535,-73
b2,D2,1578986252536,-55
b2,E10,1578986252542,-68
b2,E11,1578986252546,-74
b2,Bed10,1578986252553,-78
b2,Bed2,1578986252556,-72
b2,E8,1578986252560,-84
b2,A2,1578986252961,-57
b2,C3,1578986253015,-80
b2,Bed4,1578986253032,-55
b2,E14,1578986253037,-89
b2,E15,1578986253039,-64
b2,C4,1578986253040,-74
b2,E9,1578986253041,-85
b2,D2,1578986253041,-62
b2,E10,1578986253046,-68
b2,E11,1578986253050,-71
b2,Bed10,1578986253057,-87
b2,Bed2,1578986253060,-74
b2,E8,1578986253066,-84
b2,A2,1578986253465,-57
b2,C3,1578986253518,-76
b2,E14,1578986253540,-75
b2,C4,1578986253543,-68
b2,E15,1578986253543,-71
b2,E10,1578986253550,-69
b2,E11,1578986253555,-70
b2,Bed10,1578986253561,-82
b2,Bed2,1578986253564,-75
b2,E8,1578986253570,-84
b2,A2,1578986253975,-66
b2,C3,1578986254028,-76
b2,E14,1578986254051,-76
b2,E15,1578986254052,-65
b2,C4,1578986254053,-68
b2,E10,1578986254060,-74
b2,E11,1578986254065,-71
b2,Bed10,1578986254071,-82
b2,Bed2,1578986254074,-77
b2,E8,1578986254080,-86
b2,C3,1578986254539,-77
b2,E14,1578986254561,-76
b2,E15,1578986254563,-61
b2,C4,1578986254563,-68
b2,E10,1578986254570,-76
b2,E11,1578986254575,-72
b2,Bed10,1578986254581,-91
b2,Bed2,1578986254583,-82
b2,E8,1578986254590,-84
b2,E15,1578986255073,-61
b2,A2,1578986255497,-57
b2,C3,1578986255550,-85
b2,E14,1578986255573,-97
b2,E15,1578986255573,-61
b2,C4,1578986255574,-69
b2,D2,1578986255577,-70
b2,E10,1578986255580,-90
b2,E11,1578986255586,-68
b2,Bed10,1578986255591,-77
b2,Bed2,1578986255595,-63
b2,E8,1578986255601,-81
b2,A2,1578986255997,-56
b2,C3,1578986256050,-82
b2,Bed4,1578986256068,-60
b2,E14,1578986256072,-83
b2,E15,1578986256073,-67
b2,C4,1578986256075,-74
b2,D2,1578986256077,-55
b2,E10,1578986256081,-70
b2,E11,1578986256086,-78
b2,Bed10,1578986256093,-78
b2,Bed2,1578986256095,-71
b2,E8,1578986256100,-82
b2,A2,1578986256505,-56
b2,C3,1578986256559,-90
b2,Bed4,1578986256577,-72
b2,E14,1578986256581,-86
b2,E15,1578986256582,-65
b2,C4,1578986256584,-78
b2,D2,1578986256586,-57
b2,E11,1578986256595,-77
b2,Bed10,1578986256602,-75
b2,Bed2,1578986256604,-70
b2,C3,1578986257065,-89
b2,C4,1578986257090,-75
b2,D2,1578986257091,-66
b2,E9,1578986257091,-87
b2,E11,1578986257100,-72
b2,Bed2,1578986257110,-70
b2,E8,1578986257116,-84
b2,A2,1578986257517,-57
b2,C3,1578986257570,-77
b2,Bed4,1578986257588,-55
b2,E14,1578986257593,-77
b2,E15,1578986257594,-63
b2,C4,1578986257595,-68
b2,E9,1578986257597,-84
b2,E10,1578986257602,-67
b2,E11,1578986257606,-72
b2,Bed10,1578986257612,-85
b2,Bed2,1578986257615,-76
b2,E8,1578986257621,-86
b2,A2,1578986258022,-67
b2,C3,1578986258074,-75
b2,Bed4,1578986258091,-70
b2,E14,1578986258096,-76
b2,E15,1578986258097,-74
b2,C4,1578986258099,-73
b2,E9,1578986258100,-79
b2,E10,1578986258104,-82
b2,Bed10,1578986258116,-79
b2,E8,1578986258125,-78
b2,A2,1578986258525,-62
b2,C3,1578986258578,-74
b2,E15,1578986258601,-70
b2,E14,1578986258601,-92
b2,C4,1578986258602,-71
b2,E9,1578986258603,-79
b2,E11,1578986258615,-77
b2,Bed2,1578986258624,-66
b2,E8,1578986258629,-85
b2,A2,1578986259031,-55
b2,C3,1578986259084,-72
b2,Bed4,1578986259102,-77
b2,E14,1578986259107,-85
b2,E15,1578986259107,-71
b2,E9,1578986259109,-82
b2,D2,1578986259111,-60
b2,E10,1578986259115,-82
b2,E11,1578986259120,-72
b2,Bed10,1578986259127,-81
b2,Bed2,1578986259130,-64
b2,E8,1578986259134,-80
b2,A2,1578986259536,-55
b2,C3,1578986259590,-74
b2,Bed4,1578986259608,-63
b2,E14,1578986259612,-78
b2,E15,1578986259613,-61
b2,C4,1578986259615,-65
b2,D2,1578986259616,-63
b2,E10,1578986259621,-86
b2,E11,1578986259626,-72
b2,Bed10,1578986259632,-87
b2,Bed2,1578986259635,-77
b2,A2,1578986260046,-70
b2,C3,1578986260100,-77
b2,Bed4,1578986260117,-56
b2,E15,1578986260122,-72
b2,C4,1578986260124,-63
b2,D2,1578986260126,-73
b2,E10,1578986260131,-75
b2,E11,1578986260136,-76
b2,Bed10,1578986260143,-80
b2,Bed2,1578986260145,-78
b2,E8,1578986260150,-87
b2,A2,1578986260547,-59
b2,C3,1578986260600,-78
b2,Bed4,1578986260619,-63
b2,E14,1578986260623,-81
b2,E15,1578986260625,-62
b2,C4,1578986260625,-75
b2,D2,1578986260627,-75
b2,E9,1578986260627,-82
b2,E10,1578986260632,-68
b2,E11,1578986260636,-75
b2,Bed10,1578986260643,-82
b2,Bed2,1578986260646,-73
b2,E8,1578986260653,-82
b2,Bed4,1578986261119,-62
b2,C4,1578986261126,-67
b2,E9,1578986261128,-84
b2,E10,1578986261133,-78
b2,E11,1578986261138,-72
b2,Bed10,1578986261144,-79
b2,E8,1578986261153,-91
b2,C3,1578986261608,-89
b2,E15,1578986261631,-62
b2,C4,1578986261631,-70
b2,E14,1578986261631,-77
b2,E9,1578986261633,-77
b2,E11,1578986261645,-74
b2,Bed2,1578986261653,-77
b2,E8,1578986261659,-85
b2,A2,1578986262058,-56
b2,C3,1578986262111,-76
b2,Bed4,1578986262130,-61
b2,E15,1578986262134,-61
b2,C4,1578986262137,-65
b2,E9,1578986262137,-82
b2,D2,1578986262138,-68
b2,E10,1578986262143,-85
b2,E11,1578986262148,-71
b2,Bed10,1578986262155,-79
b2,Bed2,1578986262157,-68
b2,E8,1578986262162,-89
b2,C3,1578986262618,-77
b2,Bed4,1578986262636,-68
b2,E15,1578986262641,-65
b2,E14,1578986262641,-78
b2,C4,1578986262642,-67
b2,D2,1578986262644,-67
b2,E9,1578986262644,-85
b2,E10,1578986262650,-75
b2,E11,1578986262654,-72
b2,Bed10,1578986262661,-73
b2,Bed2,1578986262663,-76
b2,D2,1578986263151,-58
b2,E10,1578986263156,-71
b2,E11,1578986263160,-80
b2,Bed2,1578986263170,-74
b2,A2,1578986263579,-56
b2,Bed4,1578986263651,-71
b2,E14,1578986263655,-78
b2,E15,1578986263657,-61
b2,E9,1578986263659,-88
b2,D2,1578986263659,-70
b2,E10,1578986263664,-75
b2,E11,1578986263669,-85
b2,Bed10,1578986263675,-83
b2,Bed2,1578986263678,-71
b2,E8,1578986263684,-91
b2,Bed4,1578986264160,-61
b2,E14,1578986264165,-78
b2,E15,1578986264167,-56
b2,E9,1578986264169,-84
b2,D2,1578986264169,-60
b2,E10,1578986264174,-68
b2,E11,1578986264178,-71
b2,Bed10,1578986264185,-86
b2,Bed2,1578986264187,-71
b2,E8,1578986264194,-89
b2,C3,1578986264649,-79
b2,Bed4,1578986264667,-89
b2,E14,1578986264671,-77
b2,E15,1578986264673,-70
b2,C4,1578986264675,-70
b2,D2,1578986264676,-55
b2,E9,1578986264676,-95
b2,E10,1578986264680,-89
b2,E11,1578986264685,-82
b2,Bed10,1578986264692,-78
b2,Bed2,1578986264694,-71
b2,E8,1578986264701,-90
b2,A2,1578986265101,-52
b2,C3,1578986265153,-93
b2,Bed4,1578986265171,-71
b2,E14,1578986265175,-82
b2,E15,1578986265177,-62
b2,C4,1578986265178,-78
b2,D2,1578986265181,-49
b2,E10,1578986265184,-85
b2,E11,1578986265190,-82
b2,Bed10,1578986265196,-85
b2,E8,1578986265204,-94
b2,C3,1578986265657,-75
b2,Bed4,1578986265675,-68
b2,E14,1578986265680,-79
b2,E15,1578986265680,-60
b2,E9,1578986265682,-96
b2,D2,1578986265684,-54
b2,E10,1578986265689,-68
b2,E11,1578986265693,-73
b2,Bed2,1578986265703,-73
b2,E8,1578986265707,-95
b2,A2,1578986266104,-67
b2,C3,1578986266157,-72
b2,Bed4,1578986266175,-82
b2,E14,1578986266180,-91
b2,E15,1578986266181,-61
b2,C4,1578986266183,-67
b2,D2,1578986266184,-57
b2,E9,1578986266184,-80
b2,E11,1578986266194,-83
b2,Bed2,1578986266204,-67
b2,Bed2,1578986266710,-69
b2,C3,1578986267167,-78
b2,Bed4,1578986267186,-69
b2,E14,1578986267190,-82
b2,E9,1578986267193,-81
b2,C4,1578986267193,-72
b2,E11,1578986267204,-80
b2,Bed2,1578986267213,-67
b2,A2,1578986267618,-57
b2,C3,1578986267671,-88
b2,Bed4,1578986267688,-57
b2,E15,1578986267694,-73
b2,C4,1578986267695,-71
b2,D2,1578986267698,-60
b2,E11,1578986267707,-80
b2,Bed10,1578986267713,-73
b2,Bed2,1578986267718,-77
b2,E8,1578986267721,-94
b2,A2,1578986268123,-55
b2,C3,1578986268177,-77
b2,Bed4,1578986268195,-60
b2,E14,1578986268200,-85
b2,E15,1578986268200,-82
b2,C4,1578986268200,-66
b2,E9,1578986268202,-91
b2,E10,1578986268208,-66
b2,E11,1578986268213,-88
b2,A2,1578986268625,-57
b2,C3,1578986268678,-76
b2,E15,1578986268701,-73
b2,C4,1578986268704,-71
b2,E10,1578986268710,-65
b2,E11,1578986268715,-82
b2,Bed10,1578986268721,-73
b2,Bed2,1578986268724,-64
b2,E8,1578986268729,-85
b2,C3,1578986269180,-75
b2,Bed4,1578986269198,-63
b2,E14,1578986269202,-77
b2,D2,1578986269207,-63
b2,E9,1578986269207,-81
b2,Bed10,1578986269223,-74
b2,Bed2,1578986269225,-71
b2,E8,1578986269232,-81
b2,C3,1578986269687,-73
b2,Bed4,1578986269705,-62
b2,E14,1578986269710,-79
b2,C4,1578986269712,-75
b2,E15,1578986269712,-53
b2,E9,1578986269714,-85
b2,E10,1578986269718,-78
b2,E11,1578986269723,-86
b2,Bed2,1578986269733,-68
b2,E8,1578986269739,-87
b2,C3,1578986270194,-80
b2,E10,1578986270225,-85
b2,A2,1578986270646,-74
b2,C3,1578986270698,-70
b2,E15,1578986270722,-68
b2,E9,1578986270724,-89
b2,E8,1578986270749,-96
b2,A2,1578986271151,-66
b2,C3,1578986271205,-77
b2,Bed4,1578986271223,-67
b2,E14,1578986271228,-82
b2,C4,1578986271229,-62
b2,D2,1578986271232,-65
b2,E10,1578986271236,-63
b2,E11,1578986271241,-81
b2,Bed10,1578986271247,-90
b2,Bed2,1578986271251,-78
b2,E8,1578986271255,-82
b2,A2,1578986271657,-66
b2,C3,1578986271711,-80
b2,Bed4,1578986271729,-61
b2,E14,1578986271733,-77
b2,E15,1578986271734,-60
b2,C4,1578986271736,-69
b2,E9,1578986271736,-84
b2,D2,1578986271738,-65
b2,E11,1578986271747,-88
b2,Bed10,1578986271754,-81
b2,Bed2,1578986271756,-69
b2,E8,1578986271762,-82
b2,A2,1578986272159,-88
b2,Bed4,1578986272231,-58
b2,E14,1578986272236,-82
b2,E15,1578986272237,-63
b2,E9,1578986272239,-85
b2,D2,1578986272239,-62
b2,E10,1578986272244,-72
b2,E11,1578986272249,-76
b2,Bed10,1578986272255,-73
b2,Bed2,1578986272257,-74
b2,E8,1578986272265,-89
b2,A2,1578986272668,-68
b2,Bed4,1578986272741,-64
b2,E14,1578986272745,-86
b2,E15,1578986272747,-54
b2,E9,1578986272749,-82
b2,D2,1578986272749,-64
b2,E11,1578986272758,-76
b2,Bed10,1578986272765,-72
b2,Bed2,1578986272767,-72
b2,E8,1578986272774,-89
b2,A2,1578986273177,-60
b2,C3,1578986273231,-83
b2,E15,1578986273255,-67
b2,E11,1578986273267,-77
b2,Bed2,1578986273276,-74
b2,E8,1578986273283,-85
b2,A2,1578986273679,-53
b2,Bed4,1578986273750,-60
b2,E15,1578986273756,-54
b2,C4,1578986273756,-62
b2,E9,1578986273758,-77
b2,D2,1578986273760,-52
b2,E10,1578986273763,-69
b2,E11,1578986273769,-75
b2,Bed10,1578986273774,-70
b2,Bed2,1578986273779,-72
b2,E8,1578986273783,-82
b2,A2,1578986274181,-64
b2,C3,1578986274235,-74
b2,E14,1578986274257,-77
b2,E15,1578986274258,-58
b2,C4,1578986274259,-62
b2,E9,1578986274260,-87
b2,D2,1578986274262,-63
b2,E11,1578986274271,-82
b2,Bed10,1578986274277,-78
b2,E8,1578986274286,-88
b2,A2,1578986274688,-64
b2,C3,1578986274741,-87
b2,Bed4,1578986274760,-54
b2,E15,1578986274764,-67
b2,C4,1578986274767,-70
b2,D2,1578986274769,-54
b2,E10,1578986274773,-72
b2,E11,1578986274778,-78
b2,Bed10,1578986274785,-74
b2,Bed2,1578986274787,-66
b2,E8,1578986274792,-81
b2,A2,1578986275193,-57
b2,C3,1578986275247,-77
b2,Bed4,1578986275266,-58
b2,E14,1578986275270,-80
b2,E15,1578986275271,-67
b2,C4,1578986275273,-69
b2,D2,1578986275274,-55
b2,E9,1578986275274,-80
b2,E11,1578986275284,-80
b2,Bed2,1578986275293,-66
b2,C4,1578986275778,-66
b2,E9,1578986275779,-83
b2,D2,1578986275779,-55
b2,E11,1578986275788,-79
b2,Bed2,1578986275797,-72
b2,E15,1578986276284,-60
b2,E9,1578986276287,-83
b2,E8,1578986276312,-91
b2,A2,1578986277222,-55
b2,C3,1578986277274,-81
b2,Bed4,1578986277292,-66
b2,E14,1578986277296,-81
b2,E15,1578986277298,-58
b2,C4,1578986277299,-66
b2,E9,1578986277301,-77
b2,D2,1578986277302,-51
b2,E10,1578986277305,-72
b2,E11,1578986277311,-73
b2,Bed10,1578986277317,-69
b2,E8,1578986277325,-84
b2,E14,1578986277805,-80
b2,A2,1578986278232,-57
b2,C3,1578986278286,-71
b2,Bed4,1578986278305,-60
b2,E14,1578986278309,-79
b2,C4,1578986278312,-62
b2,E9,1578986278312,-85
b2,D2,1578986278313,-53
b2,E10,1578986278318,-79
b2,E11,1578986278323,-82
b2,Bed10,1578986278329,-72
b2,Bed2,1578986278332,-73
b2,E8,1578986278337,-81
b2,A2,1578986278741,-57
b2,C3,1578986278796,-70
b2,E14,1578986278818,-79
b2,E15,1578986278819,-60
b2,C4,1578986278820,-62
b2,E9,1578986278821,-89
b2,D2,1578986278823,-62
b2,E10,1578986278827,-69
b2,Bed10,1578986278841,-72
b2,Bed2,1578986278842,-79
b2,E8,1578986278846,-81
b2,A2,1578986279252,-65
b2,C3,1578986279306,-72
b2,Bed4,1578986279324,-56
b2,E14,1578986279329,-77
b2,C4,1578986279330,-64
b2,D2,1578986279332,-54
b2,E10,1578986279337,-78
b2,E11,1578986279342,-77
b2,Bed10,1578986279349,-74
b2,Bed2,1578986279352,-86
b2,Bed4,1578986279833,-66
b2,E14,1578986279837,-78
b2,E15,1578986279837,-67
b2,E9,1578986279839,-86
b2,C4,1578986279839,-62
b2,E10,1578986279846,-71
b2,Bed10,1578986279858,-72
b2,E8,1578986279865,-83
b2,C4,1578986280341,-71
b2,E9,1578986280342,-85
b2,E8,1578986280367,-88
b2,C3,1578986280817,-91
b2,E14,1578986280840,-79
b2,E15,1578986280842,-59
b2,E9,1578986280844,-76
b2,C4,1578986280844,-67
b2,E10,1578986280848,-77
b2,E11,1578986280853,-80
b2,Bed2,1578986280863,-77
b2,E8,1578986280869,-92
b2,A2,1578986281267,-64
b2,C3,1578986281321,-72
b2,Bed4,1578986281338,-68
b2,E14,1578986281344,-79
b2,E15,1578986281344,-57
b2,C4,1578986281345,-61
b2,E9,1578986281347,-76
b2,D2,1578986281348,-60
b2,E10,1578986281352,-77
b2,E11,1578986281357,-74
b2,Bed10,1578986281362,-70
b2,Bed2,1578986281367,-72
b2,E8,1578986281372,-82
b2,A2,1578986281768,-56
b2,C3,1578986281821,-87
b2,Bed4,1578986281840,-59
b2,E15,1578986281845,-60
b2,E9,1578986281847,-82
b2,C4,1578986281847,-73
b2,D2,1578986281848,-62
b2,E11,1578986281858,-84
b2,Bed10,1578986281865,-76
b2,Bed2,1578986281867,-67
b2,E8,1578986281872,-93
b2,A2,1578986282278,-67
b2,C3,1578986282331,-81
b2,Bed4,1578986282350,-57
b2,E15,1578986282354,-59
b2,C4,1578986282356,-71
b2,E9,1578986282357,-88
b2,D2,1578986282358,-55
b2,E10,1578986282363,-69
b2,E11,1578986282368,-89
b2,Bed2,1578986282377,-66
b2,E8,1578986282382,-86
b2,Bed10,1578986282452,-73
b2,A2,1578986282785,-56
b2,C3,1578986282839,-80
b2,Bed4,1578986282858,-56
b2,E14,1578986282862,-79
b2,E15,1578986282862,-58
b2,C4,1578986282864,-70
b2,D2,1578986282866,-52
b2,E10,1578986282871,-69
b2,E11,1578986282875,-80
b2,Bed10,1578986282882,-73
b2,Bed2,1578986282885,-66
b2,E8,1578986282890,-85
b2,A2,1578986283286,-67
b2,C3,1578986283340,-90
b2,Bed4,1578986283361,-66
b2,E14,1578986283363,-82
b2,E15,1578986283364,-62
b2,C4,1578986283366,-67
b2,D2,1578986283367,-55
b2,E9,1578986283367,-87
b2,E10,1578986283372,-82
b2,E11,1578986283376,-78
b2,Bed10,1578986283383,-77
b2,Bed2,1578986283386,-72
b2,E8,1578986283392,-86
b2,C3,1578986283847,-92
b2,Bed4,1578986283865,-64
b2,E14,1578986283870,-84
b2,C4,1578986283872,-66
b2,E9,1578986283873,-74
b2,E10,1578986283878,-67
b2,E11,1578986283883,-80
b2,Bed10,1578986283890,-74
b2,Bed2,1578986283892,-73
b2,E8,1578986283900,-87
b2,A2,1578986284805,-65
b2,D2,1578986284886,-56
b2,C3,1578986285363,-74
b2,Bed4,1578986285382,-58
b2,E14,1578986285386,-79
b2,E15,1578986285386,-61
b2,E9,1578986285388,-86
b2,E10,1578986285394,-78
b2,E11,1578986285399,-83
b2,Bed10,1578986285406,-71
b2,Bed2,1578986285408,-67
b2,E8,1578986285413,-86
b2,C3,1578986285873,-75
b2,E9,1578986285898,-87
b2,E11,1578986285909,-88
b2,Bed10,1578986285915,-72
b2,E8,1578986285923,-90
b2,A2,1578986286319,-67
b2,C3,1578986286373,-76
b2,Bed4,1578986286392,-58
b2,E14,1578986286396,-82
b2,E15,1578986286397,-71
b2,C4,1578986286399,-70
b2,E9,1578986286400,-88
b2,D2,1578986286400,-54
b2,E10,1578986286405,-82
b2,E11,1578986286409,-77
b2,Bed10,1578986286416,-74
b2,Bed2,1578986286418,-72
b2,E8,1578986286425,-87
b2,C3,1578986286874,-87
b2,E14,1578986286896,-90
b2,E15,1578986286897,-56
b2,C4,1578986286899,-66
b2,E10,1578986286904,-66
b2,A2,1578986287362,-54
b2,C3,1578986287383,-87
b2,Bed4,1578986287402,-62
b2,E14,1578986287405,-83
b2,E15,1578986287407,-64
b2,C4,1578986287409,-67
b2,E9,1578986287410,-75
b2,D2,1578986287411,-51
b2,E10,1578986287414,-66
b2,E11,1578986287420,-75
b2,Bed10,1578986287426,-72
b2,E8,1578986287435,-84
b2,A2,1578986287840,-63
b2,C3,1578986287892,-91
b2,Bed4,1578986287911,-65
b2,E14,1578986287915,-82
b2,E15,1578986287917,-55
b2,E9,1578986287920,-76
b2,D2,1578986287921,-50
b2,E10,1578986287924,-64
b2,E11,1578986287930,-74
b2,Bed10,1578986287936,-72
b2,E8,1578986287944,-82
b2,A2,1578986288347,-54
b2,C3,1578986288400,-75
b2,Bed4,1578986288418,-65
b2,E15,1578986288423,-65
b2,C4,1578986288424,-61
b2,E9,1578986288427,-74
b2,E10,1578986288431,-66
b2,E11,1578986288437,-75
b2,Bed10,1578986288443,-72
b2,E8,1578986288452,-82
b2,A2,1578986288850,-67
b2,C3,1578986288905,-81
b2,E14,1578986288927,-77
b2,C4,1578986288929,-72
b2,E9,1578986288930,-82
b2,D2,1578986288931,-57
b2,E10,1578986288937,-73
b2,E11,1578986288940,-82
b2,Bed10,1578986288948,-77
b2,Bed2,1578986288950,-73
b2,E8,1578986288955,-77
b2,C3,1578986289408,-84
b2,E15,1578986289431,-65
b2,E14,1578986289431,-81
b2,C4,1578986289434,-66
b2,E9,1578986289435,-93
b2,E10,1578986289441,-69
b2,E11,1578986289445,-93
b2,Bed2,1578986289454,-72
b2,E8,1578986289459,-82
b2,A2,1578986289863,-57
b2,C3,1578986289917,-75
b2,Bed4,1578986289936,-58
b2,E14,1578986289940,-74
b2,E15,1578986289941,-68
b2,C4,1578986289943,-61
b2,D2,1578986289944,-62
b2,E9,1578986289944,-83
b2,E11,1578986289953,-71
b2,Bed2,1578986289963,-70
b2,A2,1578986290372,-72
b2,Bed4,1578986290445,-57
b2,C4,1578986290452,-66
b2,D2,1578986290453,-58
b2,Bed2,1578986290472,-68
b2,C3,1578986290926,-80
b2,Bed4,1578986290945,-55
b2,E14,1578986290950,-82
b2,E15,1578986290951,-74
b2,C4,1578986290952,-74
b2,E9,1578986290953,-81
b2,E10,1578986290958,-64
b2,E11,1578986290963,-71
b2,Bed10,1578986290970,-78
b2,Bed2,1578986290972,-67
b2,E8,1578986290980,-86
b2,A2,1578986291381,-64
b2,C3,1578986291433,-76
b2,E14,1578986291456,-81
b2,E15,1578986291458,-65
b2,C4,1578986291459,-64
b2,E9,1578986291460,-82
b2,D2,1578986291462,-63
b2,E10,1578986291465,-68
b2,E11,1578986291471,-72
b2,Bed10,1578986291477,-73
b2,E8,1578986291486,-87
b2,E9,1578986291969,-90
b2,Bed10,1578986291985,-84
b2,E14,1578986292468,-87
b2,C4,1578986292469,-63
b2,E9,1578986292470,-86
b2,E11,1578986292481,-80
b2,Bed10,1578986292488,-70
b2,Bed2,1578986292490,-73
b2,E8,1578986292495,-93
b2,A2,1578986292899,-64
b2,C3,1578986292954,-73
b2,Bed4,1578986292972,-60
b2,E15,1578986292976,-65
b2,E14,1578986292976,-91
b2,E9,1578986292979,-86
b2,D2,1578986292980,-58
b2,E10,1578986292985,-66
b2,E11,1578986292990,-72
b2,Bed10,1578986292996,-78
b2,E8,1578986293004,-87
b2,A2,1578986293401,-55
b2,Bed4,1578986293475,-64
b2,E14,1578986293479,-74
b2,D2,1578986293483,-58
b2,E10,1578986293488,-66
b2,Bed10,1578986293499,-72
b2,A2,1578986293908,-58
b2,Bed4,1578986293980,-53
b2,D2,1578986293988,-58
b2,E9,1578986293989,-87
b2,Bed10,1578986294004,-73
b2,E8,1578986294015,-92
b2,C3,1578986294467,-80
b2,Bed4,1578986294485,-53
b2,E15,1578986294492,-69
b2,C4,1578986294493,-65
b2,E9,1578986294494,-78
b2,E10,1578986294498,-77
b2,E11,1578986294504,-72
b2,Bed10,1578986294510,-72
b2,Bed2,1578986294512,-74
b2,C3,1578986294977,-75
b2,Bed4,1578986294995,-58
b2,E14,1578986295000,-88
b2,C4,1578986295002,-65
b2,E15,1578986295002,-62
b2,E9,1578986295004,-79
b2,E10,1578986295008,-83
b2,E11,1578986295013,-68
b2,Bed10,1578986295019,-75
b2,Bed2,1578986295022,-75
b2,E8,1578986295029,-86
b2,A2,1578986295431,-56
b2,C3,1578986295483,-81
b2,Bed4,1578986295502,-55
b2,E14,1578986295506,-78
b2,E15,1578986295508,-66
b2,C4,1578986295509,-66
b2,D2,1578986295512,-74
b2,E10,1578986295515,-78
b2,E11,1578986295521,-74
b2,Bed10,1578986295527,-77
b2,E8,1578986295536,-82
b2,A2,1578986295935,-60
b2,C3,1578986295989,-87
b2,E15,1578986296012,-63
b2,C4,1578986296014,-66
b2,E9,1578986296015,-82
b2,D2,1578986296017,-60
b2,E10,1578986296020,-68
b2,E11,1578986296026,-70
b2,Bed10,1578986296031,-71
b2,Bed2,1578986296035,-79
b2,E8,1578986296041,-89
b2,A2,1578986296438,-80
b2,C3,1578986296493,-71
b2,E14,1578986296516,-86
b2,E15,1578986296516,-66
b2,E9,1578986296518,-87
b2,D2,1578986296519,-55
b2,E10,1578986296524,-81
b2,E11,1578986296529,-78
b2,Bed10,1578986296536,-82
b2,Bed2,1578986296538,-78
b2,E8,1578986296544,-88
b2,C3,1578986296999,-81
b2,Bed4,1578986297019,-60
b2,E14,1578986297022,-75
b2,E15,1578986297022,-67
b2,C4,1578986297024,-69
b2,D2,1578986297026,-60
b2,E10,1578986297032,-66
b2,E11,1578986297036,-67
b2,Bed10,1578986297043,-75
b2,Bed2,1578986297046,-68
b2,E8,1578986297050,-87
b2,C3,1578986297506,-77
b2,Bed4,1578986297525,-53
b2,E14,1578986297529,-78
b2,D2,1578986297532,-62
b2,C4,1578986297532,-72
b2,E9,1578986297533,-81
b2,E10,1578986297538,-74
b2,Bed10,1578986297549,-69
b2,Bed2,1578986297551,-73
b2,A2,1578986297961,-80
b2,C3,1578986298015,-75
b2,Bed4,1578986298035,-62
b2,E14,1578986298039,-75
b2,C4,1578986298042,-66
b2,E9,1578986298043,-79
b2,D2,1578986298043,-65
b2,E10,1578986298047,-64
b2,Bed10,1578986298058,-82
b2,Bed2,1578986298062,-69
b2,A2,1578986298467,-65
b2,C3,1578986298521,-77
b2,Bed4,1578986298541,-53
b2,E15,1578986298546,-55
b2,C4,1578986298547,-67
b2,E9,1578986298549,-78
b2,D2,1578986298549,-52
b2,E10,1578986298553,-68
b2,E11,1578986298558,-71
b2,Bed10,1578986298565,-89
b2,Bed2,1578986298567,-75
b2,E8,1578986298575,-85
b2,A2,1578986298971,-74
b2,C3,1578986299024,-78
b2,Bed4,1578986299042,-60
b2,E14,1578986299047,-78
b2,E15,1578986299048,-61
b2,C4,1578986299049,-77
b2,E9,1578986299051,-80
b2,D2,1578986299052,-49
b2,E10,1578986299055,-68
b2,E11,1578986299061,-70
b2,Bed10,1578986299066,-73
b2,E8,1578986299075,-85
b2,A2,1578986299472,-75
b2,C3,1578986299526,-88
b2,Bed4,1578986299545,-47
b2,E14,1578986299550,-81
b2,C4,1578986299551,-69
b2,E9,1578986299552,-85
b2,D2,1578986299553,-57
b2,E10,1578986299558,-70
b2,E11,1578986299563,-64
b2,Bed10,1578986299570,-71
b2,Bed2,1578986299572,-82
b2,E8,1578986299577,-81
b2,A2,1578986299978,-60
b2,Bed4,1578986300051,-50
b2,E14,1578986300055,-80
b2,E9,1578986300058,-76
b2,D2,1578986300059,-52
b2,E10,1578986300064,-63
b2,E11,1578986300069,-67
b2,Bed10,1578986300076,-78
b2,Bed2,1578986300078,-81
b2,E8,1578986300083,-77
b2,A2,1578986300486,-69
b2,C3,1578986300540,-75
b2,Bed4,1578986300559,-49
b2,E14,1578986300562,-77
b2,E15,1578986300563,-65
b2,D2,1578986300567,-50
b2,E11,1578986300576,-70
b2,Bed10,1578986300584,-72
b2,Bed2,1578986300585,-75
b2,E8,1578986300591,-79
b2,C3,1578986301047,-83
b2,Bed4,1578986301066,-46
b2,E15,1578986301070,-81
b2,E14,1578986301071,-91
b2,C4,1578986301073,-71
b2,D2,1578986301074,-56
b2,E9,1578986301074,-72
b2,E11,1578986301084,-70
b2,Bed10,1578986301091,-80
b2,Bed2,1578986301093,-69
b2,A2,1578986301499,-72
b2,C3,1578986301553,-82
b2,Bed4,1578986301572,-48
b2,E14,1578986301576,-76
b2,E15,1578986301577,-70
b2,C4,1578986301579,-72
b2,E9,1578986301580,-71
b2,D2,1578986301580,-49
b2,E10,1578986301584,-70
b2,E11,1578986301589,-70
b2,Bed10,1578986301596,-74
b2,Bed2,1578986301597,-73
b2,E8,1578986301605,-88
b2,A2,1578986302000,-70
b2,Bed4,1578986302072,-56
b2,E14,1578986302076,-80
b2,E15,1578986302077,-66
b2,C4,1578986302079,-73
b2,E9,1578986302080,-82
b2,D2,1578986302082,-50
b2,E10,1578986302085,-68
b2,E11,1578986302091,-74
b2,Bed10,1578986302097,-72
b2,E8,1578986302106,-79
b2,A2,1578986302508,-69
b2,Bed4,1578986302581,-55
b2,E15,1578986302586,-70
b2,C4,1578986302587,-81
b2,E9,1578986302588,-84
b2,D2,1578986302590,-54
b2,E10,1578986302593,-69
b2,E11,1578986302599,-72
b2,Bed10,1578986302604,-77
b2,Bed2,1578986302608,-72
b2,E8,1578986302613,-80
b2,A2,1578986303016,-71
b2,C3,1578986303070,-76
b2,Bed4,1578986303088,-48
b2,E15,1578986303093,-62
b2,E14,1578986303093,-88
b2,C4,1578986303095,-79
b2,D2,1578986303098,-51
b2,E10,1578986303101,-65
b2,E11,1578986303107,-71
b2,Bed10,1578986303112,-69
b2,Bed2,1578986303116,-72
b2,E8,1578986303121,-79
b2,Bed4,1578986304106,-51
b2,E14,1578986304111,-88
b2,E15,1578986304111,-68
b2,C4,1578986304112,-73
b2,E9,1578986304113,-78
b2,D2,1578986304114,-54
b2,E11,1578986304124,-73
b2,C3,1578986304588,-72
b2,E14,1578986304611,-86
b2,E15,1578986304611,-62
b2,C4,1578986304614,-67
b2,E9,1578986304615,-74
b2,E10,1578986304620,-60
b2,E11,1578986304625,-76
b2,Bed10,1578986304631,-78
b2,Bed2,1578986304633,-75
b2,A2,1578986305039,-66
b2,C4,1578986305121,-75
b2,D2,1578986305122,-50
b2,E10,1578986305126,-62
b2,E11,1578986305131,-72
b2,E8,1578986305147,-81
b2,A2,1578986305542,-70
b2,C3,1578986305594,-87
b2,Bed4,1578986305614,-57
b2,E14,1578986305618,-78
b2,E15,1578986305619,-63
b2,C4,1578986305621,-72
b2,E9,1578986305622,-76
b2,D2,1578986305623,-47
b2,E10,1578986305626,-64
b2,Bed10,1578986305638,-74
b2,Bed2,1578986305640,-81
b2,E8,1578986305647,-79
b2,C3,1578986306100,-72
b2,Bed4,1578986306119,-48
b2,C4,1578986306124,-73
b2,E15,1578986306124,-60
b2,E9,1578986306127,-77
b2,E10,1578986306131,-68
b2,E11,1578986306137,-73
b2,Bed10,1578986306142,-79
b2,Bed2,1578986306146,-72
b2,E8,1578986306152,-86
b2,E14,1578986306626,-76
b2,D2,1578986306629,-49
b2,E10,1578986306634,-74
b2,Bed10,1578986306646,-77
b2,Bed2,1578986306647,-75
b2,A2,1578986307051,-65
b2,C3,1578986307105,-80
b2,Bed4,1578986307125,-57
b2,E14,1578986307129,-74
b2,C4,1578986307131,-74
b2,D2,1578986307132,-54
b2,E9,1578986307133,-70
b2,E11,1578986307142,-75
b2,Bed10,1578986307149,-67
b2,Bed2,1578986307152,-78
b2,A2,1578986307555,-58
b2,C3,1578986307609,-74
b2,Bed4,1578986307629,-54
b2,E14,1578986307632,-79
b2,E15,1578986307634,-86
b2,C4,1578986307635,-79
b2,D2,1578986307636,-56
b2,E9,1578986307637,-76
b2,E10,1578986307641,-69
b2,E11,1578986307646,-76
b2,Bed10,1578986307653,-81
b2,Bed2,1578986307655,-73
b2,E8,1578986307662,-88
b2,C3,1578986308115,-91
b2,Bed4,1578986308135,-58
b2,E14,1578986308139,-86
b2,C4,1578986308142,-74
b2,E9,1578986308143,-75
b2,D2,1578986308144,-60
b2,E10,1578986308147,-68
b2,Bed10,1578986308158,-75
b2,Bed2,1578986308161,-73
b2,E8,1578986308168,-77
b2,A2,1578986308571,-83
b2,C3,1578986308624,-79
b2,Bed4,1578986308644,-58
b2,E14,1578986308647,-75
b2,E15,1578986308648,-77
b2,C4,1578986308651,-74
b2,E9,1578986308652,-82
b2,D2,1578986308653,-52
b2,E10,1578986308656,-65
b2,Bed10,1578986308668,-71
b2,Bed2,1578986308670,-76
b2,E8,1578986308677,-79
b2,A2,1578986309080,-68
b2,C3,1578986309134,-70
b2,Bed4,1578986309152,-48
b2,E14,1578986309156,-78
b2,E15,1578986309157,-77
b2,C4,1578986309159,-89
b2,E9,1578986309160,-70
b2,D2,1578986309162,-51
b2,E11,1578986309171,-73
b2,Bed10,1578986309176,-67
b2,E8,1578986309186,-82
b2,A2,1578986309581,-64
b2,C3,1578986309636,-67
b2,Bed4,1578986309655,-48
b2,E15,1578986309659,-68
b2,C4,1578986309661,-75
b2,E9,1578986309662,-74
b2,D2,1578986309663,-67
b2,E10,1578986309668,-64
b2,Bed10,1578986309679,-68
b2,Bed2,1578986309682,-85
b2,E8,1578986309687,-79
b2,A2,1578986310086,-67
b2,C3,1578986310140,-72
b2,Bed4,1578986310160,-46
b2,E15,1578986310163,-76
b2,E14,1578986310163,-80
b2,C4,1578986310166,-76
b2,D2,1578986310168,-62
b2,E10,1578986310172,-68
b2,E11,1578986310176,-67
b2,Bed10,1578986310184,-70
b2,Bed2,1578986310186,-69
b2,E8,1578986310191,-82
b2,A2,1578986310589,-69
b2,C3,1578986310643,-72
b2,Bed4,1578986310662,-59
b2,E14,1578986310666,-80
b2,C4,1578986310669,-77
b2,D2,1578986310670,-63
b2,E9,1578986310670,-72
b2,E10,1578986310674,-73
b2,E11,1578986310679,-68
b2,Bed10,1578986310686,-89
b2,Bed2,1578986310688,-75
b2,E8,1578986310696,-83
b2,A2,1578986311092,-88
b2,C3,1578986311145,-76
b2,Bed4,1578986311165,-57
b2,E15,1578986311170,-68
b2,A2,1578986311599,-72
b2,Bed4,1578986311671,-48
b2,E14,1578986311675,-72
b2,E15,1578986311676,-65
b2,C4,1578986311677,-74
b2,E9,1578986311679,-68
b2,E10,1578986311684,-77
b2,Bed10,1578986311695,-69
b2,E8,1578986311705,-78
b2,A2,1578986312100,-70
b2,C3,1578986312155,-69
b2,Bed4,1578986312174,-47
b2,E14,1578986312178,-76
b2,E15,1578986312178,-76
b2,C4,1578986312180,-80
b2,E9,1578986312181,-72
b2,D2,1578986312182,-61
b2,E10,1578986312187,-76
b2,E11,1578986312191,-66
b2,Bed10,1578986312198,-70
b2,Bed2,1578986312201,-83
b2,E8,1578986312206,-79
b2,E15,1578986312684,-79
b2,E9,1578986312687,-71
b2,D2,1578986312688,-56
b2,E11,1578986312698,-66
b2,E8,1578986312712,-80
b2,A2,1578986313115,-74
b2,C3,1578986313169,-77
b2,Bed4,1578986313190,-57
b2,E15,1578986313193,-79
b2,E14,1578986313193,-75
b2,C4,1578986313196,-85
b2,D2,1578986313197,-59
b2,E10,1578986313202,-67
b2,E11,1578986313206,-67
b2,Bed10,1578986313213,-69
b2,Bed2,1578986313215,-73
b2,E8,1578986313221,-86
b2,A2,1578986313621,-60
b2,C3,1578986313675,-73
b2,Bed4,1578986313695,-52
b2,E14,1578986313699,-74
b2,C4,1578986313702,-84
b2,E9,1578986313703,-73
b2,E10,1578986313707,-62
b2,E11,1578986313712,-68
b2,Bed10,1578986313719,-78
b2,Bed2,1578986313721,-72
b2,A2,1578986314130,-64
b2,C3,1578986314185,-72
b2,Bed4,1578986314205,-50
b2,E14,1578986314209,-74
b2,C4,1578986314212,-80
b2,E10,1578986314217,-63
b2,E11,1578986314222,-67
b2,Bed10,1578986314229,-86
b2,Bed2,1578986314231,-70
b2,E8,1578986314238,-86
b2,D2,1578986314312,-57
b2,A2,1578986315142,-91
b2,C3,1578986315195,-78
b2,E14,1578986315218,-72
b2,E15,1578986315220,-68
b2,C4,1578986315221,-78
b2,E9,1578986315222,-68
b2,D2,1578986315224,-50
b2,E10,1578986315227,-70
b2,Bed10,1578986315238,-69
b2,E8,1578986315248,-83
b2,C3,1578986315701,-68
b2,E9,1578986315727,-68
b2,E11,1578986315738,-72
b2,E8,1578986315753,-82
b2,A2,1578986316149,-75
b2,C3,1578986316203,-69
b2,Bed4,1578986316222,-56
b2,E14,1578986316226,-77
b2,E15,1578986316228,-84
b2,E9,1578986316229,-71
b2,D2,1578986316230,-59
b2,E10,1578986316235,-71
b2,E11,1578986316239,-67
b2,Bed10,1578986316246,-69
b2,Bed2,1578986316248,-71
b2,E8,1578986316254,-81
b2,A2,1578986316655,-70
b2,C3,1578986316709,-72
b2,Bed4,1578986316729,-48
b2,E14,1578986316732,-73
b2,E15,1578986316732,-87
b2,C4,1578986316736,-74
b2,D2,1578986316737,-54
b2,E10,1578986316742,-71
b2,E11,1578986316746,-66
b2,Bed10,1578986316753,-71
b2,Bed2,1578986316755,-71
b2,A2,1578986317155,-56
b2,Bed4,1578986317229,-51
b2,E15,1578986317234,-68
b2,C4,1578986317236,-80
b2,E9,1578986317237,-71
b2,E10,1578986317242,-62
b2,E8,1578986317262,-88
b2,C3,1578986317716,-74
b2,Bed4,1578986317736,-48
b2,E14,1578986317739,-72
b2,E15,1578986317741,-70
b2,C4,1578986317742,-87
b2,E9,1578986317744,-67
b2,E10,1578986317748,-77
b2,Bed10,1578986317760,-69
b2,Bed2,1578986317762,-73
b2,E8,1578986317770,-86
b2,Bed4,1578986318749,-57
b2,E15,1578986318755,-73
b2,E9,1578986318757,-68
b2,E8,1578986318783,-82
b2,E15,1578986319257,-85
b2,A2,1578986319686,-88
b2,C3,1578986319739,-73
b2,Bed4,1578986319760,-47
b2,E15,1578986319763,-68
b2,E14,1578986319763,-72
b2,C4,1578986319766,-73
b2,D2,1578986319767,-59
b2,E10,1578986319772,-71
b2,E11,1578986319777,-68
b2,Bed10,1578986319784,-73
b2,Bed2,1578986319785,-71
b2,E8,1578986319791,-80
b2,A2,1578986320188,-62
b2,C3,1578986320242,-72
b2,Bed4,1578986320262,-51
b2,E14,1578986320266,-73
b2,E15,1578986320267,-68
b2,D2,1578986320269,-64
b2,E9,1578986320270,-71
b2,E10,1578986320274,-72
b2,E11,1578986320279,-67
b2,Bed10,1578986320286,-87
b2,Bed2,1578986320288,-77
b2,C3,1578986320744,-76
b2,Bed4,1578986320762,-49
b2,E14,1578986320766,-73
b2,C4,1578986320771,-81
b2,D2,1578986320771,-60
b2,E11,1578986320781,-73
b2,A2,1578986321196,-67
b2,C3,1578986321250,-67
b2,Bed4,1578986321268,-48
b2,E14,1578986321273,-78
b2,E15,1578986321273,-75
b2,C4,1578986321275,-81
b2,D2,1578986321278,-51
b2,E10,1578986321281,-68
b2,E11,1578986321287,-72
b2,Bed10,1578986321292,-69
b2,Bed2,1578986321295,-79
b2,E8,1578986321301,-82
b2,A2,1578986321695,-76
b2,C3,1578986321750,-76
b2,Bed4,1578986321771,-48
b2,E15,1578986321773,-79
b2,E14,1578986321773,-74
b2,C4,1578986321776,-73
b2,D2,1578986321777,-53
b2,E10,1578986321782,-78
b2,E11,1578986321787,-67
b2,Bed10,1578986321794,-73
b2,Bed2,1578986321795,-69
b2,E8,1578986321801,-84
b2,A2,1578986322196,-70
b2,C3,1578986322250,-75
b2,E14,1578986322273,-74
b2,E15,1578986322275,-79
b2,C4,1578986322277,-79
b2,E9,1578986322278,-73
b2,D2,1578986322278,-57
b2,E11,1578986322287,-67
b2,Bed10,1578986322294,-78
b2,Bed2,1578986322296,-73
b2,E10,1578986322353,-63
b2,A2,1578986322699,-72
b2,C3,1578986322753,-75
b2,Bed4,1578986322773,-48
b2,E14,1578986322776,-73
b2,E15,1578986322777,-66
b2,C4,1578986322779,-75
b2,E9,1578986322780,-68
b2,D2,1578986322781,-52
b2,E10,1578986322785,-70
b2,E11,1578986322791,-73
b2,Bed10,1578986322796,-70
b2,E8,1578986322806,-86
b2,A2,1578986323200,-67
b2,Bed4,1578986323275,-56
b2,E15,1578986323277,-82
b2,C4,1578986323280,-80
b2,E9,1578986323281,-72
b2,D2,1578986323282,-52
b2,E11,1578986323291,-67
b2,E8,1578986323306,-82
b2,A2,1578986323707,-70
b2,C3,1578986323762,-68
b2,Bed4,1578986323782,-46
b2,E14,1578986323785,-77
b2,D2,1578986323789,-51
b2,E10,1578986323794,-85
b2,E11,1578986323799,-67
b2,Bed10,1578986323806,-73
b2,Bed2,1578986323808,-69
b2,Bed4,1578986324289,-48
b2,E15,1578986324292,-83
b2,D2,1578986324296,-52
b2,E11,1578986324306,-67
b2,E8,1578986324320,-82
b2,Bed4,1578986324793,-51
b2,E15,1578986324797,-70
b2,E14,1578986324798,-73
b2,C4,1578986324800,-72
b2,E10,1578986324805,-63
b2,E11,1578986324810,-66
b2,Bed10,1578986324817,-83
b2,E11,1578986325320,-66
b2,A2,1578986325738,-75
b2,C3,1578986325793,-72
b2,Bed4,1578986325813,-58
b2,E14,1578986325817,-79
b2,E15,1578986325818,-71
b2,D2,1578986325820,-52
b2,E9,1578986325821,-76
b2,E10,1578986325825,-68
b2,E11,1578986325830,-70
b2,Bed10,1578986325837,-72
b2,E8,1578986325846,-78
b2,C3,1578986326296,-72
b2,Bed4,1578986326316,-48
b2,E14,1578986326320,-87
b2,E15,1578986326321,-65
b2,C4,1578986326323,-72
b2,E9,1578986326324,-85
b2,E10,1578986326328,-64
b2,Bed10,1578986326340,-73
b2,Bed2,1578986326342,-76
b2,E8,1578986326350,-76
b2,C3,1578986326804,-74
b2,Bed4,1578986326824,-61
b2,E14,1578986326827,-79
b2,E15,1578986326828,-66
b2,C4,1578986326830,-79
b2,E10,1578986326836,-74
b2,Bed10,1578986326847,-72
b2,Bed2,1578986326850,-79
b2,E15,1578986327331,-65
b2,C4,1578986327333,-77
b2,E9,1578986327334,-71
b2,E8,1578986327360,-89
b2,A2,1578986327755,-66
b2,C3,1578986327809,-91
b2,Bed4,1578986327830,-48
b2,E15,1578986327833,-73
b2,E14,1578986327833,-72
b2,C4,1578986327836,-72
b2,D2,1578986327837,-55
b2,E10,1578986327842,-76
b2,E11,1578986327847,-69
b2,Bed2,1578986327855,-75
b2,E8,1578986327862,-84
b2,C3,1578986328318,-73
b2,E14,1578986328341,-73
b2,C4,1578986328344,-71
b2,E9,1578986328346,-69
b2,E10,1578986328350,-64
b2,E11,1578986328355,-68
b2,Bed10,1578986328362,-65
b2,Bed2,1578986328364,-70
b2,E8,1578986328369,-79
b2,A2,1578986328767,-64
b2,Bed4,1578986328841,-49
b2,E15,1578986328846,-70
b2,C4,1578986328847,-77
b2,D2,1578986328849,-60
b2,E9,1578986328849,-66
b2,E10,1578986328854,-61
b2,E11,1578986328858,-76
b2,Bed10,1578986328865,-67
b2,Bed2,1578986328867,-72
b2,E8,1578986328875,-90
b2,Bed4,1578986329342,-58
b2,E14,1578986329345,-93
b2,E15,1578986329346,-66
b2,C4,1578986329348,-89
b2,E9,1578986329350,-73
b2,D2,1578986329351,-54
b2,E10,1578986329354,-58
b2,E11,1578986329360,-66
b2,Bed10,1578986329365,-68
b2,E8,1578986329375,-82
b2,A2,1578986329769,-69
b2,C3,1578986329824,-76
b2,Bed4,1578986329844,-64
b2,E14,1578986329847,-76
b2,E15,1578986329847,-72
b2,E9,1578986329850,-73
b2,D2,1578986329851,-63
b2,E10,1578986329856,-60
b2,E11,1578986329860,-78
b2,Bed10,1578986329867,-67
b2,Bed2,1578986329869,-77
b2,Bed4,1578986330349,-50
b2,C4,1578986330355,-75
b2,E10,1578986330361,-68
b2,E11,1578986330366,-75
b2,Bed10,1578986330373,-71
b2,E8,1578986330381,-74
b2,C3,1578986331346,-77
b2,Bed4,1578986331366,-63
b2,E14,1578986331370,-73
b2,C4,1578986331373,-69
b2,E9,1578986331374,-68
b2,E10,1578986331378,-70
b2,E11,1578986331383,-75
b2,Bed10,1578986331390,-66
b2,Bed2,1578986331392,-84
b2,A2,1578986331800,-68
b2,E14,1578986331879,-76
b2,C4,1578986331882,-84
b2,E9,1578986331883,-67
b2,D2,1578986331883,-64
b2,E10,1578986331887,-66
b2,E11,1578986331892,-72
b2,Bed10,1578986331899,-70
b2,Bed2,1578986331901,-90
b2,E8,1578986331908,-80
b2,A2,1578986332802,-75
b2,C3,1578986332857,-69
b2,Bed4,1578986332877,-60
b2,E14,1578986332881,-82
b2,E15,1578986332881,-62
b2,C4,1578986332882,-82
b2,E9,1578986332883,-85
b2,D2,1578986332884,-68
b2,E11,1578986332894,-65
b2,Bed2,1578986332903,-86
b2,A2,1578986333306,-77
b2,C3,1578986333360,-72
b2,Bed4,1578986333381,-55
b2,E15,1578986333384,-67
b2,E14,1578986333384,-86
b2,E9,1578986333387,-76
b2,C4,1578986333388,-80
b2,D2,1578986333388,-80
b2,E10,1578986333393,-74
b2,E11,1578986333398,-68
b2,Bed10,1578986333405,-62
b2,Bed2,1578986333406,-72
b2,E8,1578986333412,-78
b2,C3,1578986333866,-76
b2,C4,1578986333893,-87
b2,E9,1578986333894,-78
b2,E10,1578986333898,-62
b2,E11,1578986333904,-62
b2,C3,1578986334368,-70
b2,E14,1578986334391,-74
b2,E15,1578986334392,-61
b2,C4,1578986334394,-78
b2,E9,1578986334396,-68
b2,E10,1578986334400,-66
b2,E11,1578986334405,-66
b2,Bed10,1578986334412,-66
b2,Bed2,1578986334414,-89
b2,A2,1578986334822,-63
b2,C3,1578986334875,-78
b2,Bed4,1578986334895,-54
b2,E14,1578986334899,-79
b2,C4,1578986334902,-73
b2,E9,1578986334903,-70
b2,D2,1578986334904,-55
b2,E10,1578986334907,-64
b2,Bed10,1578986334919,-80
b2,Bed2,1578986334921,-74
b2,E8,1578986334929,-77
b2,A2,1578986335327,-72
b2,Bed4,1578986335400,-78
b2,E15,1578986335405,-68
b2,C4,1578986335407,-74
b2,E9,1578986335409,-71
b2,D2,1578986335410,-61
b2,E10,1578986335413,-69
b2,E11,1578986335419,-65
b2,Bed10,1578986335425,-76
b2,Bed2,1578986335428,-77
b2,E8,1578986335434,-74
b2,C4,1578986335912,-72
b2,E9,1578986335912,-69
b2,E15,1578986336412,-67
b2,D2,1578986336417,-60
b2,E8,1578986336441,-82
b2,E15,1578986336921,-79
b2,A2,1578986337344,-67
b2,C3,1578986337399,-83
b2,Bed4,1578986337420,-62
b2,E14,1578986337423,-79
b2,E15,1578986337424,-64
b2,C4,1578986337426,-95
b2,D2,1578986337427,-61
b2,E9,1578986337428,-70
b2,E10,1578986337432,-63
b2,E11,1578986337436,-77
b2,Bed10,1578986337443,-67
b2,E8,1578986337453,-79
b2,C3,1578986337905,-88
b2,Bed4,1578986337926,-60
b2,E14,1578986337929,-77
b2,C4,1578986337933,-78
b2,E9,1578986337935,-77
b2,E10,1578986337938,-69
b2,Bed2,1578986337952,-85
b2,A2,1578986338360,-82
b2,C3,1578986338414,-75
b2,Bed4,1578986338434,-61
b2,E14,1578986338437,-76
b2,E15,1578986338438,-69
b2,E9,1578986338441,-77
b2,C4,1578986338441,-74
b2,D2,1578986338442,-66
b2,E10,1578986338446,-79
b2,Bed10,1578986338457,-74
b2,Bed2,1578986338460,-85
b2,E8,1578986338467,-85
b2,A2,1578986338867,-85
b2,Bed4,1578986338941,-63
b2,E15,1578986338945,-67
b2,E9,1578986338948,-76
b2,D2,1578986338949,-70
b2,C4,1578986338950,-76
b2,E10,1578986338953,-67
b2,E11,1578986338959,-64
b2,Bed10,1578986338964,-75
b2,Bed2,1578986338968,-73
b2,E8,1578986338974,-79
b2,A2,1578986339374,-64
b2,E15,1578986339452,-61
b2,C4,1578986339454,-80
b2,E9,1578986339455,-74
b2,E11,1578986339467,-64
b2,Bed10,1578986339472,-68
b2,E8,1578986339481,-79
b2,A2,1578986339875,-61
b2,Bed4,1578986339951,-54
b2,E14,1578986339955,-77
b2,C4,1578986339957,-79
b2,E9,1578986339957,-75
b2,D2,1578986339958,-62
b2,E10,1578986339963,-71
b2,E11,1578986339968,-69
b2,Bed10,1578986339975,-61
b2,Bed2,1578986339979,-77
b2,E8,1578986339983,-76
b2,C3,1578986340439,-80
b2,Bed4,1578986340460,-60
b2,E15,1578986340462,-61
b2,E14,1578986340463,-76
b2,D2,1578986340467,-71
b2,C4,1578986340467,-79
b2,E10,1578986340472,-70
b2,E11,1578986340477,-73
b2,Bed10,1578986340484,-61
b2,E8,1578986340491,-81
b2,Bed10,1578986340992,-67
b2,C3,1578986341449,-76
b2,Bed4,1578986341471,-64
b2,E14,1578986341473,-81
b2,E15,1578986341474,-79
b2,C4,1578986341476,-81
b2,D2,1578986341477,-70
b2,E9,1578986341478,-74
b2,E10,1578986341482,-58
b2,E11,1578986341487,-69
b2,Bed10,1578986341494,-68
b2,E8,1578986341503,-79
b2,C3,1578986341956,-75
b2,Bed4,1578986341976,-74
b2,E14,1578986341979,-84
b2,E15,1578986341981,-71
b2,C4,1578986341983,-90
b2,E9,1578986341984,-76
b2,E10,1578986341988,-66
b2,Bed10,1578986342000,-76
b2,Bed2,1578986342002,-87
b2,E8,1578986342010,-81
b2,A2,1578986342408,-78
b2,Bed4,1578986342482,-62
b2,E15,1578986342485,-68
b2,C4,1578986342487,-76
b2,E9,1578986342489,-77
b2,D2,1578986342489,-56
b2,E10,1578986342493,-68
b2,E11,1578986342499,-63
b2,Bed2,1578986342508,-86
b2,E8,1578986342514,-81
b2,Bed10,1578986342565,-72
b2,A2,1578986342914,-74
b2,C3,1578986342969,-75
b2,E15,1578986342992,-88
b2,E14,1578986342992,-74
b2,C4,1578986342994,-78
b2,E9,1578986342995,-72
b2,D2,1578986342997,-57
b2,E11,1578986343006,-63
b2,Bed2,1578986343015,-82
b2,E8,1578986343021,-78
b2,C3,1578986343474,-83
b2,Bed4,1578986343494,-49
b2,E14,1578986343497,-74
b2,E10,1578986343506,-70
b2,E11,1578986343511,-71
b2,Bed10,1578986343517,-67
b2,Bed2,1578986343519,-77
b2,C3,1578986343983,-80
b2,Bed4,1578986344003,-50
b2,E15,1578986344006,-66
b2,E9,1578986344009,-76
b2,E10,1578986344015,-82
b2,Bed10,1578986344027,-66
b2,E8,1578986344035,-76
b2,A2,1578986344430,-71
b2,C3,1578986344486,-74
b2,Bed4,1578986344507,-58
b2,E14,1578986344510,-80
b2,C4,1578986344513,-74
b2,D2,1578986344514,-70
b2,E9,1578986344514,-68
b2,E10,1578986344518,-59
b2,E11,1578986344524,-66
b2,Bed10,1578986344530,-77
b2,Bed2,1578986344533,-87
b2,C3,1578986344990,-76
b2,Bed4,1578986345010,-71
b2,E14,1578986345013,-78
b2,C4,1578986345017,-77
b2,E9,1578986345018,-69
b2,Bed10,1578986345034,-69
b2,Bed2,1578986345036,-79
b2,E8,1578986345044,-91
b2,A2,1578986345437,-63
b2,Bed4,1578986345511,-60
b2,E15,1578986345515,-72
b2,C4,1578986345517,-76
b2,D2,1578986345519,-63
b2,E9,1578986345519,-73
b2,E10,1578986345523,-61
b2,E11,1578986345529,-66
b2,Bed10,1578986345535,-73
b2,Bed2,1578986345538,-85
b2,E8,1578986345544,-75
b2,C4,1578986346024,-76
b2,E9,1578986346025,-77
b2,E8,1578986346051,-71
b2,A2,1578986346447,-75
b2,C3,1578986346502,-68
b2,Bed4,1578986346522,-56
b2,E14,1578986346526,-73
b2,D2,1578986346529,-58
b2,E10,1578986346534,-77
b2,E11,1578986346539,-69
b2,Bed10,1578986346546,-62
b2,Bed2,1578986346548,-82
b2,A2,1578986346957,-66
b2,Bed4,1578986347032,-55
b2,E15,1578986347035,-71
b2,E14,1578986347036,-72
b2,E9,1578986347038,-82
b2,D2,1578986347039,-63
b2,E10,1578986347044,-69
b2,E11,1578986347049,-72
b2,Bed10,1578986347056,-66
b2,Bed2,1578986347057,-87
b2,E8,1578986347064,-94
b2,A2,1578986347466,-70
b2,C3,1578986347513,-68
b2,Bed4,1578986347534,-61
b2,E14,1578986347537,-77
b2,E15,1578986347538,-76
b2,D2,1578986347541,-76
b2,E9,1578986347541,-72
b2,E10,1578986347546,-75
b2,E11,1578986347550,-72
b2,Bed10,1578986347557,-64
b2,E8,1578986347567,-94
b2,A2,1578986347965,-85
b2,C3,1578986348014,-70
b2,Bed4,1578986348035,-73
b2,E14,1578986348038,-75
b2,E9,1578986348042,-82
b2,C4,1578986348042,-75
b2,D2,1578986348044,-68
b2,E10,1578986348047,-78
b2,Bed10,1578986348058,-70
b2,Bed2,1578986348061,-78
b2,E8,1578986348068,-85
b2,A2,1578986348465,-69
b2,C3,1578986348520,-67
b2,Bed4,1578986348540,-65
b2,E15,1578986348543,-66
b2,E14,1578986348544,-72
b2,C4,1578986348545,-78
b2,E9,1578986348547,-78
b2,D2,1578986348548,-66
b2,E10,1578986348551,-78
b2,E11,1578986348558,-75
b2,Bed10,1578986348564,-75
b2,Bed2,1578986348566,-81
b2,E8,1578986348572,-81
b2,A2,1578986348968,-66
b2,C3,1578986349025,-67
b2,Bed4,1578986349043,-65
b2,E15,1578986349045,-67
b2,E14,1578986349047,-74
b2,E9,1578986349049,-74
b2,D2,1578986349050,-62
b2,E10,1578986349055,-54
b2,E11,1578986349060,-70
b2,Bed10,1578986349067,-66
b2,E8,1578986349075,-72
b2,A2,1578986349471,-73
b2,C3,1578986349526,-70
b2,Bed4,1578986349547,-63
b2,E14,1578986349550,-73
b2,C4,1578986349554,-74
b2,D2,1578986349554,-77
b2,E9,1578986349555,-71
b2,E10,1578986349559,-78
b2,E11,1578986349564,-71
b2,Bed10,1578986349570,-65
b2,Bed2,1578986349573,-91
b2,E15,1578986350055,-76
b2,E8,1578986350084,-76
b2,C3,1578986350535,-81
b2,Bed4,1578986350556,-76
b2,E14,1578986350559,-78
b2,E15,1578986350560,-68
b2,C4,1578986350563,-84
b2,E9,1578986350564,-75
b2,D2,1578986350565,-75
b2,E10,1578986350568,-67
b2,Bed10,1578986350579,-70
b2,C3,1578986351037,-82
b2,E15,1578986351061,-63
b2,E14,1578986351061,-75
b2,C4,1578986351063,-75
b2,E9,1578986351064,-76
b2,D2,1578986351065,-68
b2,E11,1578986351075,-69
b2,A2,1578986351490,-62
b2,C3,1578986351545,-82
b2,Bed4,1578986351566,-54
b2,E15,1578986351568,-64
b2,E14,1578986351569,-74
b2,C4,1578986351570,-73
b2,E9,1578986351571,-74
b2,D2,1578986351573,-66
b2,E10,1578986351577,-67
b2,E11,1578986351582,-70
b2,Bed10,1578986351589,-66
b2,Bed2,1578986351591,-72
b2,E8,1578986351597,-85
b2,A2,1578986351995,-61
b2,C3,1578986352049,-75
b2,Bed4,1578986352070,-56
b2,E14,1578986352073,-75
b2,E15,1578986352073,-78
b2,C4,1578986352076,-71
b2,D2,1578986352077,-61
b2,E10,1578986352082,-54
b2,E11,1578986352087,-74
b2,Bed10,1578986352094,-68
b2,E8,1578986352102,-84
b2,Bed10,1578986352600,-65
b2,A2,1578986353008,-62
b2,C3,1578986353064,-83
b2,Bed4,1578986353084,-68
b2,E14,1578986353087,-75
b2,E15,1578986353088,-62
b2,C4,1578986353091,-76
b2,D2,1578986353091,-77
b2,E9,1578986353092,-69
b2,E10,1578986353096,-75
b2,E11,1578986353101,-69
b2,Bed10,1578986353107,-68
b2,Bed2,1578986353110,-80
b2,C3,1578986353567,-75
b2,E15,1578986353592,-65
b2,E9,1578986353595,-75
b2,E11,1578986353604,-81
b2,Bed2,1578986353613,-78
b2,E8,1578986353622,-87
b2,A2,1578986354517,-69
b2,C3,1578986354573,-64
b2,Bed4,1578986354594,-55
b2,E15,1578986354596,-80
b2,E14,1578986354597,-69
b2,E9,1578986354599,-74
b2,D2,1578986354600,-61
b2,E10,1578986354605,-69
b2,E11,1578986354610,-69
b2,Bed10,1578986354617,-63
b2,Bed2,1578986354618,-80
b2,E8,1578986354625,-77
b2,A2,1578986355018,-66
b2,C3,1578986355073,-86
b2,Bed4,1578986355094,-69
b2,E14,1578986355097,-79
b2,E15,1578986355098,-84
b2,C4,1578986355100,-84
b2,D2,1578986355100,-63
b2,E9,1578986355101,-72
b2,E10,1578986355105,-68
b2,E11,1578986355110,-67
b2,Bed10,1578986355117,-61
b2,E8,1578986355127,-75
b2,Bed4,1578986355596,-65
b2,C4,1578986355602,-78
b2,Bed2,1578986355621,-82
b2,A2,1578986356021,-65
b2,C3,1578986356077,-79
b2,Bed4,1578986356098,-64
b2,E15,1578986356100,-64
b2,E14,1578986356101,-76
b2,E9,1578986356103,-74
b2,C4,1578986356103,-73
b2,D2,1578986356104,-63
b2,E11,1578986356114,-69
b2,Bed2,1578986356123,-69
b2,E8,1578986356129,-80
b2,A2,1578986356531,-65
b2,C3,1578986356586,-77
b2,Bed4,1578986356607,-64
b2,E15,1578986356610,-62
b2,E14,1578986356611,-75
b2,C4,1578986356612,-74
b2,E9,1578986356613,-75
b2,D2,1578986356614,-63
b2,E10,1578986356619,-82
b2,E11,1578986356625,-69
b2,Bed2,1578986356633,-72
b2,E8,1578986356639,-81
b2,C3,1578986357586,-77
b2,E14,1578986357611,-76
b2,E11,1578986357624,-66
b2,C3,1578986358096,-76
b2,Bed4,1578986358117,-67
b2,E14,1578986358121,-75
b2,E15,1578986358122,-74
b2,C4,1578986358124,-90
b2,E9,1578986358125,-74
b2,E10,1578986358129,-81
b2,E11,1578986358134,-66
b2,E8,1578986358151,-78
b2,A2,1578986358547,-65
b2,Bed4,1578986358621,-78
b2,E15,1578986358625,-61
b2,C4,1578986358627,-73
b2,E9,1578986358629,-73
b2,D2,1578986358630,-54
b2,E10,1578986358633,-71
b2,E11,1578986358639,-69
b2,Bed10,1578986358645,-70
b2,Bed2,1578986358648,-72
b2,E8,1578986358654,-85
b2,A2,1578986359053,-76
b2,C3,1578986359108,-79
b2,E15,1578986359131,-62
b2,E14,1578986359132,-73
b2,C4,1578986359133,-73
b2,E9,1578986359134,-74
b2,E11,1578986359145,-69
b2,Bed2,1578986359154,-71
b2,E8,1578986359160,-85
b2,A2,1578986359555,-64
b2,C3,1578986359609,-75
b2,Bed4,1578986359631,-54
b2,E14,1578986359633,-84
b2,E15,1578986359633,-63
b2,C4,1578986359636,-79
b2,D2,1578986359638,-66
b2,E10,1578986359642,-73
b2,E11,1578986359647,-75
b2,Bed10,1578986359654,-59
b2,E8,1578986359663,-82
b2,A2,1578986360059,-66
b2,C3,1578986360115,-75
b2,Bed4,1578986360136,-59
b2,E14,1578986360139,-85
b2,C4,1578986360143,-79
b2,D2,1578986360143,-70
b2,E9,1578986360143,-70
b2,E10,1578986360147,-70
b2,E11,1578986360152,-67
b2,Bed10,1578986360159,-67
b2,Bed2,1578986360161,-82
b2,C3,1578986360615,-76
b2,Bed4,1578986360637,-71
b2,E14,1578986360640,-79
b2,E15,1578986360641,-67
b2,C4,1578986360644,-96
b2,E9,1578986360644,-76
b2,E10,1578986360648,-74
b2,Bed10,1578986360660,-69
b2,Bed2,1578986360662,-91
b2,C3,1578986361119,-85
b2,Bed4,1578986361139,-65
b2,E14,1578986361143,-77
b2,E15,1578986361143,-62
b2,C4,1578986361145,-75
b2,D2,1578986361148,-63
b2,E10,1578986361151,-86
b2,E11,1578986361157,-70
b2,Bed10,1578986361162,-69
b2,Bed2,1578986361165,-71
b2,E8,1578986361172,-88
b2,E15,1578986361645,-71
b2,E9,1578986361649,-77
b2,D2,1578986361650,-73
b2,E11,1578986361660,-74
b2,Bed10,1578986361666,-59
b2,E8,1578986361674,-79
b2,C3,1578986362124,-78
b2,Bed4,1578986362145,-59
b2,E14,1578986362148,-93
b2,E15,1578986362149,-74
b2,D2,1578986362152,-61
b2,C4,1578986362152,-83
b2,E9,1578986362153,-72
b2,E10,1578986362157,-58
b2,E11,1578986362161,-67
b2,Bed10,1578986362169,-66
b2,Bed2,1578986362170,-85
b2,E8,1578986362178,-81
b2,C3,1578986362625,-76
b2,Bed4,1578986362646,-74
b2,E14,1578986362650,-78
b2,E15,1578986362650,-72
b2,E9,1578986362654,-72
b2,E10,1578986362658,-72
b2,Bed10,1578986362669,-70
b2,Bed2,1578986362672,-88
b2,A2,1578986363074,-74
b2,C3,1578986363129,-80
b2,Bed4,1578986363149,-65
b2,E15,1578986363153,-69
b2,E14,1578986363154,-81
b2,C4,1578986363156,-72
b2,D2,1578986363158,-54
b2,E10,1578986363161,-90
b2,E11,1578986363167,-69
b2,Bed10,1578986363173,-68
b2,Bed2,1578986363176,-70
b2,E8,1578986363182,-88
b2,C3,1578986363637,-87
b2,E15,1578986363661,-60
b2,E14,1578986363662,-73
b2,E9,1578986363664,-74
b2,E11,1578986363675,-71
b2,Bed2,1578986363684,-70
b2,A2,1578986364090,-63
b2,C3,1578986364146,-85
b2,Bed4,1578986364167,-63
b2,E15,1578986364169,-61
b2,E14,1578986364170,-74
b2,E9,1578986364173,-74
b2,D2,1578986364173,-69
b2,E10,1578986364178,-80
b2,Bed10,1578986364190,-58
b2,Bed2,1578986364192,-72
b2,E8,1578986364198,-85
b2,E15,1578986364671,-71
b2,C4,1578986364675,-79
b2,E9,1578986364676,-71
b2,Bed10,1578986364692,-60
b2,Bed2,1578986364693,-80
b2,A2,1578986365094,-69
b2,C3,1578986365149,-75
b2,Bed4,1578986365171,-61
b2,E15,1578986365174,-66
b2,E14,1578986365176,-74
b2,D2,1578986365178,-65
b2,C4,1578986365178,-80
b2,E9,1578986365179,-70
b2,E10,1578986365182,-60
b2,E11,1578986365187,-66
b2,Bed10,1578986365194,-67
b2,E8,1578986365204,-81
b2,C3,1578986365658,-74
b2,Bed4,1578986365680,-60
b2,E14,1578986365682,-76
b2,E15,1578986365683,-66
b2,D2,1578986365686,-62
b2,C4,1578986365686,-84
b2,E10,1578986365691,-60
b2,E11,1578986365696,-67
b2,Bed10,1578986365703,-67
b2,E8,1578986365712,-79
b2,Bed4,1578986366187,-74
b2,C4,1578986366194,-85
b2,E9,1578986366195,-74
b2,E11,1578986366204,-66
b2,E8,1578986366221,-80
b2,A2,1578986366616,-63
b2,Bed4,1578986366691,-65
b2,E15,1578986366694,-61
b2,C4,1578986366697,-73
b2,D2,1578986366699,-57
b2,E10,1578986366702,-85
b2,E11,1578986366709,-69
b2,Bed10,1578986366714,-68
b2,Bed2,1578986366716,-70
b2,E8,1578986366723,-89
b2,A2,1578986367120,-73
b2,Bed4,1578986367196,-54
b2,E15,1578986367198,-74
b2,E14,1578986367200,-74
b2,E9,1578986367202,-74
b2,C4,1578986367202,-74
b2,D2,1578986367204,-56
b2,Bed10,1578986367220,-60
b2,Bed2,1578986367222,-71
b2,E8,1578986367228,-81
b2,A2,1578986367620,-68
b2,C3,1578986367676,-75
b2,E14,1578986367700,-91
b2,C4,1578986367703,-81
b2,E9,1578986367704,-71
b2,D2,1578986367704,-62
b2,E10,1578986367708,-60
b2,Bed10,1578986367720,-68
b2,C3,1578986368177,-77
b2,E15,1578986368202,-77
b2,E14,1578986368202,-76
b2,E9,1578986368206,-74
b2,E11,1578986368215,-66
b2,Bed10,1578986368222,-67
b2,Bed2,1578986368223,-89
b2,E8,1578986368232,-82
b2,Bed4,1578986368705,-64
b2,E14,1578986368708,-77
b2,C4,1578986368711,-93
b2,E9,1578986368712,-75
b2,E10,1578986368716,-80
b2,Bed10,1578986368728,-69
b2,Bed2,1578986368730,-90
b2,E8,1578986368737,-87
b2,Bed4,1578986369208,-63
b2,E14,1578986369211,-75
b2,E9,1578986369213,-74
b2,C4,1578986369213,-74
b2,D2,1578986369214,-57
b2,E10,1578986369219,-90
b2,E11,1578986369224,-70
b2,E8,1578986369239,-80
b2,A2,1578986369633,-64
b2,C3,1578986369688,-73
b2,Bed4,1578986369710,-54
b2,E15,1578986369711,-64
b2,E14,1578986369713,-86
b2,C4,1578986369716,-76
b2,D2,1578986369716,-58
b2,E10,1578986369721,-85
b2,E11,1578986369726,-75
b2,Bed10,1578986369732,-59
b2,Bed2,1578986369734,-80
b2,E8,1578986369741,-80
b2,A2,1578986370138,-69
b2,C3,1578986370194,-76
b2,Bed4,1578986370215,-61
b2,E14,1578986370218,-77
b2,E15,1578986370218,-64
b2,D2,1578986370222,-67
b2,C4,1578986370222,-76
b2,E9,1578986370222,-71
b2,E10,1578986370226,-68
b2,E11,1578986370231,-66
b2,Bed10,1578986370238,-67
b2,Bed2,1578986370240,-85
b2,E8,1578986370248,-79
b2,A2,1578986370644,-67
b2,C3,1578986370698,-75
b2,Bed4,1578986370721,-59
b2,E14,1578986370724,-77
b2,E15,1578986370724,-73
b2,D2,1578986370727,-77
b2,E9,1578986370728,-70
b2,E10,1578986370732,-60
b2,E11,1578986370737,-67
b2,Bed10,1578986370744,-67
b2,Bed2,1578986370745,-85
b2,E8,1578986370753,-81
b2,C3,1578986371204,-75
b2,Bed4,1578986371225,-65
b2,E14,1578986371228,-75
b2,E15,1578986371228,-72
b2,E9,1578986371232,-74
b2,D2,1578986371233,-53
b2,E10,1578986371236,-85
b2,E11,1578986371242,-69
b2,Bed10,1578986371248,-71
b2,Bed2,1578986371250,-92
b2,E8,1578986371257,-88
b2,A2,1578986371653,-65
b2,C3,1578986371709,-73
b2,E15,1578986371732,-57
b2,E14,1578986371733,-74
b2,C4,1578986371735,-77
b2,E9,1578986371735,-87
b2,D2,1578986371737,-57
b2,E11,1578986371746,-64
b2,Bed2,1578986371755,-73
b2,E8,1578986371761,-75
b2,A2,1578986372155,-66
b2,C3,1578986372210,-84
b2,Bed4,1578986372231,-71
b2,E15,1578986372233,-66
b2,E14,1578986372234,-70
b2,C4,1578986372237,-74
b2,D2,1578986372238,-66
b2,E10,1578986372243,-67
b2,E11,1578986372247,-73
b2,Bed10,1578986372255,-64
b2,Bed2,1578986372256,-80
b2,E8,1578986372263,-82
b2,C3,1578986372720,-75
b2,Bed4,1578986372741,-64
b2,E15,1578986372742,-61
b2,E14,1578986372744,-73
b2,D2,1578986372748,-61
b2,E10,1578986372753,-68
b2,E11,1578986372757,-68
b2,Bed10,1578986372765,-66
b2,Bed2,1578986372766,-77
b2,E8,1578986372772,-86
b2,E15,1578986373252,-74
b2,E14,1578986373253,-85
b2,D2,1578986373256,-65
b2,E10,1578986373261,-62
b2,E11,1578986373266,-85
b2,Bed10,1578986373273,-61
b2,E8,1578986373281,-81
b2,A2,1578986373674,-91
b2,C3,1578986373729,-77
b2,Bed4,1578986373751,-64
b2,E14,1578986373754,-73
b2,E15,1578986373755,-64
b2,C4,1578986373757,-87
b2,E9,1578986373758,-75
b2,D2,1578986373758,-90
b2,E10,1578986373762,-62
b2,E11,1578986373767,-72
b2,Bed10,1578986373774,-65
b2,Bed2,1578986373776,-78
b2,E8,1578986373784,-90
b2,C3,1578986374236,-73
b2,Bed4,1578986374257,-78
b2,E15,1578986374261,-76
b2,C4,1578986374264,-80
b2,E9,1578986374265,-80
b2,E10,1578986374269,-72
b2,E11,1578986374274,-82
b2,Bed2,1578986374283,-81
b2,E8,1578986374291,-74
b2,A2,1578986374686,-69
b2,Bed4,1578986374761,-65
b2,E15,1578986374765,-68
b2,C4,1578986374767,-89
b2,E9,1578986374769,-83
b2,D2,1578986374770,-56
b2,E10,1578986374773,-70
b2,E11,1578986374779,-72
b2,Bed10,1578986374784,-64
b2,Bed2,1578986374788,-80
b2,E8,1578986374794,-74
b2,A2,1578986375193,-70
b2,C3,1578986375248,-76
b2,E15,1578986375272,-66
b2,C4,1578986375275,-84
b2,E11,1578986375287,-71
b2,E8,1578986375302,-76
b2,Bed2,1578986375387,-79
b2,Bed4,1578986375772,-62
b2,C4,1578986375778,-76
b2,E10,1578986375783,-66
b2,Bed10,1578986375795,-60
b2,C3,1578986376251,-76
b2,Bed4,1578986376272,-62
b2,E15,1578986376276,-64
b2,E14,1578986376276,-82
b2,E9,1578986376281,-80
b2,E10,1578986376284,-66
b2,Bed10,1578986376296,-66
b2,E8,1578986376306,-79
b2,C3,1578986376752,-78
b2,Bed4,1578986376773,-66
b2,E14,1578986376777,-82
b2,E9,1578986376781,-79
b2,E10,1578986376785,-82
b2,E11,1578986376791,-74
b2,Bed10,1578986376796,-66
b2,E8,1578986376806,-74
b2,A2,1578986377205,-88
b2,C3,1578986377260,-79
b2,Bed4,1578986377280,-70
b2,E15,1578986377283,-65
b2,E14,1578986377285,-72
b2,C4,1578986377286,-75
b2,D2,1578986377288,-63
b2,E9,1578986377288,-82
b2,E10,1578986377292,-78
b2,E11,1578986377298,-73
b2,Bed10,1578986377303,-69
b2,E8,1578986377313,-79
b2,A2,1578986377709,-72
b2,C3,1578986377766,-80
b2,Bed4,1578986377786,-60
b2,E15,1578986377788,-63
b2,E14,1578986377790,-70
b2,C4,1578986377792,-76
b2,E9,1578986377792,-93
b2,E10,1578986377798,-76
b2,Bed10,1578986377809,-62
b2,E8,1578986377818,-77
b2,C3,1578986378775,-67
b2,Bed4,1578986378797,-69
b2,E14,1578986378800,-72
b2,C3,1578986379277,-73
b2,E14,1578986379302,-80
b2,E15,1578986379302,-69
b2,C4,1578986379305,-84
b2,E9,1578986379306,-79
b2,E11,1578986379315,-71
b2,E8,1578986379332,-74
b2,C3,1578986379779,-71
b2,Bed4,1578986379800,-71
b2,E14,1578986379804,-69
b2,C4,1578986379806,-75
b2,D2,1578986379809,-64
b2,E10,1578986379811,-85
b2,E11,1578986379818,-84
b2,Bed10,1578986379823,-62
b2,E8,1578986379832,-73
b2,E15,1578986380311,-72
b2,E8,1578986380340,-73
b2,A2,1578986380737,-79
b2,C3,1578986380793,-69
b2,Bed4,1578986380815,-65
b2,E15,1578986380816,-73
b2,E9,1578986380821,-83
b2,D2,1578986380821,-67
b2,E10,1578986380826,-86
b2,E11,1578986380831,-74
b2,Bed2,1578986380840,-83
b2,E8,1578986380846,-77
b2,A2,1578986381245,-67
b2,Bed4,1578986381323,-58
b2,E15,1578986381324,-86
b2,E9,1578986381328,-80
b2,C4,1578986381329,-79
b2,D2,1578986381329,-72
b2,E10,1578986381333,-64
b2,E11,1578986381338,-76
b2,Bed10,1578986381345,-62
b2,Bed2,1578986381347,-76
b2,E8,1578986381354,-74
b2,A2,1578986382252,-87
b2,C3,1578986382307,-75
b2,E14,1578986382332,-74
b2,E15,1578986382332,-76
b2,C4,1578986382335,-76
b2,E9,1578986382336,-77
b2,E10,1578986382340,-68
b2,E11,1578986382345,-72
b2,Bed10,1578986382352,-58
b2,Bed2,1578986382353,-79
b2,E8,1578986382362,-70
b2,C3,1578986382812,-71
b2,Bed4,1578986382834,-67
b2,E15,1578986382837,-76
b2,E14,1578986382837,-78
b2,C4,1578986382839,-80
b2,E10,1578986382845,-67
b2,Bed4,1578986383853,-66
b2,E15,1578986383856,-77
b2,C4,1578986383858,-73
b2,E9,1578986383860,-86
b2,Bed10,1578986383875,-64
b2,E8,1578986383885,-74
b2,A2,1578986384284,-84
b2,C3,1578986384339,-65
b2,Bed4,1578986384360,-64
b2,E15,1578986384363,-96
b2,E14,1578986384364,-67
b2,E10,1578986384371,-64
b2,E11,1578986384377,-79
b2,Bed10,1578986384383,-64
b2,Bed2,1578986384386,-78
b2,E8,1578986384392,-75
b2,A2,1578986384794,-76
b2,C3,1578986384849,-68
b2,Bed4,1578986384870,-68
b2,E15,1578986384873,-70
b2,E14,1578986384874,-71
b2,C4,1578986384876,-78
b2,D2,1578986384878,-64
b2,E10,1578986384881,-65
b2,E11,1578986384887,-70
b2,Bed10,1578986384893,-63
b2,Bed2,1578986384896,-82
b2,E8,1578986384902,-86
b2,C3,1578986385357,-67
b2,E14,1578986385382,-65
b2,C4,1578986385383,-80
b2,E9,1578986385385,-79
b2,E11,1578986385395,-79
b2,A2,1578986385809,-63
b2,C3,1578986385865,-68
b2,Bed4,1578986385887,-58
b2,E15,1578986385888,-79
b2,E14,1578986385890,-66
b2,C4,1578986385891,-81
b2,D2,1578986385893,-57
b2,E10,1578986385898,-66
b2,E11,1578986385903,-74
b2,Bed10,1578986385909,-66
b2,Bed2,1578986385911,-77
b2,E8,1578986385917,-72
b2,C3,1578986386374,-68
b2,Bed4,1578986386395,-59
b2,E15,1578986386397,-71
b2,E14,1578986386399,-68
b2,C4,1578986386400,-75
b2,E9,1578986386401,-78
b2,D2,1578986386402,-57
b2,E10,1578986386407,-71
b2,E11,1578986386411,-79
b2,Bed10,1578986386418,-64
b2,Bed2,1578986386420,-77
b2,E8,1578986386427,-69
b2,C3,1578986386880,-66
b2,E15,1578986386903,-70
b2,E14,1578986386905,-67
b2,C4,1578986386908,-75
b2,D2,1578986386908,-59
b2,E10,1578986386913,-87
b2,E11,1578986386918,-80
b2,Bed10,1578986386925,-64
b2,E8,1578986386933,-70
b2,A2,1578986387332,-72
b2,C3,1578986387388,-70
b2,Bed4,1578986387410,-66
b2,E15,1578986387411,-68
b2,E14,1578986387413,-66
b2,D2,1578986387417,-57
b2,E10,1578986387421,-76
b2,E11,1578986387426,-72
b2,Bed10,1578986387433,-67
b2,Bed2,1578986387434,-89
b2,E8,1578986387441,-72
b2,A2,1578986387839,-68
b2,C3,1578986387896,-67
b2,Bed4,1578986387917,-59
b2,E14,1578986387921,-70
b2,D2,1578986387923,-66
b2,C4,1578986387923,-76
b2,E9,1578986387925,-90
b2,E10,1578986387928,-86
b2,Bed10,1578986387940,-66
b2,Bed2,1578986387942,-81
b2,A2,1578986388346,-80
b2,Bed4,1578986388423,-59
b2,E15,1578986388426,-68
b2,E14,1578986388426,-76
b2,D2,1578986388429,-58
b2,C4,1578986388429,-87
b2,E9,1578986388430,-78
b2,E10,1578986388434,-78
b2,E11,1578986388439,-70
b2,Bed10,1578986388446,-71
b2,E8,1578986388456,-71
b2,A2,1578986388853,-69
b2,C3,1578986388908,-74
b2,E15,1578986388934,-68
b2,Bed4,1578986388934,-58
b2,C4,1578986388937,-85
b2,D2,1578986388937,-60
b2,E9,1578986388938,-77
b2,E10,1578986388942,-69
b2,E11,1578986388947,-70
b2,Bed10,1578986388954,-71
b2,E8,1578986388964,-71
b2,A2,1578986389356,-71
b2,Bed4,1578986389432,-70
b2,E15,1578986389435,-70
b2,C4,1578986389438,-79
b2,E9,1578986389439,-80
b2,D2,1578986389440,-72
b2,E10,1578986389443,-79
b2,E11,1578986389449,-68
b2,Bed10,1578986389455,-65
b2,Bed2,1578986389458,-81
b2,E8,1578986389464,-71
b2,A2,1578986389860,-90
b2,C3,1578986389917,-75
b2,Bed4,1578986389938,-67
b2,E14,1578986389941,-70
b2,C4,1578986389942,-82
b2,D2,1578986389944,-68
b2,E9,1578986389944,-90
b2,E10,1578986389949,-61
b2,Bed10,1578986389960,-71
b2,Bed2,1578986389963,-78
b2,E8,1578986389969,-73
b2,E15,1578986390447,-80
b2,C4,1578986390450,-81
b2,E10,1578986390457,-61
b2,E11,1578986390462,-72
b2,E9,1578986390955,-79
b2,C4,1578986390955,-74
b2,E11,1578986390965,-73
b2,Bed10,1578986391478,-69
b2,A2,1578986391890,-76
b2,C3,1578986391943,-68
b2,Bed4,1578986391965,-57
b2,E15,1578986391968,-85
b2,E14,1578986391969,-75
b2,E9,1578986391972,-81
b2,C4,1578986391972,-71
b2,D2,1578986391972,-55
b2,E10,1578986391976,-69
b2,E11,1578986391981,-71
b2,Bed10,1578986391988,-68
b2,Bed2,1578986391990,-87
b2,E8,1578986391998,-73
b2,A2,1578986392395,-84
b2,Bed4,1578986392473,-65
b2,E15,1578986392476,-85
b2,E14,1578986392477,-76
b2,C4,1578986392479,-84
b2,D2,1578986392479,-54
b2,E9,1578986392480,-78
b2,E10,1578986392484,-78
b2,E11,1578986392489,-70
b2,Bed10,1578986392496,-69
b2,E8,1578986392506,-72
b2,A2,1578986392898,-65
b2,C3,1578986392953,-73
b2,Bed4,1578986392974,-61
b2,E15,1578986392977,-73
b2,E14,1578986392978,-92
b2,C4,1578986392981,-87
b2,E9,1578986392982,-77
b2,D2,1578986392983,-60
b2,E10,1578986392986,-79
b2,E11,1578986392992,-69
b2,Bed10,1578986392997,-66
b2,E8,1578986393007,-70
b2,C3,1578986393460,-77
b2,E10,1578986393492,-80
b2,E11,1578986393498,-68
b2,Bed2,1578986393506,-82
b2,E8,1578986393513,-70
b2,E15,1578986393992,-79
b2,E14,1578986393993,-70
b2,E9,1578986393995,-88
b2,C4,1578986393995,-83
b2,E11,1578986394006,-67
b2,Bed2,1578986394015,-80
b2,E8,1578986394021,-71
b2,A2,1578986394420,-77
b2,C3,1578986394476,-76
b2,Bed4,1578986394498,-57
b2,E14,1578986394501,-71
b2,C4,1578986394502,-81
b2,E9,1578986394503,-90
b2,D2,1578986394504,-64
b2,E10,1578986394509,-70
b2,E11,1578986394514,-66
b2,Bed10,1578986394520,-71
b2,Bed2,1578986394522,-79
b2,E8,1578986394529,-74
b2,A2,1578986394930,-78
b2,C3,1578986394986,-75
b2,Bed4,1578986395008,-66
b2,E15,1578986395009,-71
b2,E14,1578986395011,-71
b2,C4,1578986395012,-82
b2,E9,1578986395013,-88
b2,D2,1578986395014,-55
b2,E10,1578986395019,-61
b2,Bed10,1578986395030,-72
b2,Bed2,1578986395032,-79
b2,E8,1578986395039,-73
b2,Bed4,1578986395515,-56
b2,E15,1578986395516,-68
b2,E14,1578986395518,-71
b2,E9,1578986395520,-88
b2,D2,1578986395521,-55
b2,E10,1578986395526,-61
b2,E11,1578986395530,-72
b2,Bed10,1578986395537,-71
b2,E8,1578986395545,-73
b2,A2,1578986395943,-69
b2,C3,1578986395998,-72
b2,Bed4,1578986396021,-55
b2,E15,1578986396023,-70
b2,E14,1578986396024,-74
b2,C4,1578986396027,-71
b2,D2,1578986396027,-55
b2,E10,1578986396032,-61
b2,E11,1578986396037,-72
b2,Bed10,1578986396044,-71
b2,Bed2,1578986396045,-80
b2,E8,1578986396052,-73
b2,A2,1578986396449,-87
b2,C3,1578986396505,-73
b2,Bed4,1578986396528,-57
b2,E14,1578986396531,-75
b2,C4,1578986396533,-71
b2,D2,1578986396533,-63
b2,E9,1578986396535,-77
b2,E10,1578986396538,-70
b2,Bed10,1578986396550,-68
b2,Bed2,1578986396552,-79
b2,A2,1578986396959,-80
b2,C3,1578986397015,-73
b2,Bed4,1578986397037,-57
b2,E14,1578986397041,-75
b2,D2,1578986397044,-53
b2,C4,1578986397044,-69
b2,E9,1578986397046,-79
b2,E10,1578986397048,-69
b2,Bed10,1578986397060,-69
b2,Bed2,1578986397062,-81
b2,A2,1578986397464,-87
b2,C3,1578986397519,-74
b2,Bed4,1578986397542,-56
b2,E14,1578986397545,-92
b2,E15,1578986397545,-86
b2,D2,1578986397548,-62
b2,E9,1578986397549,-78
b2,E10,1578986397553,-70
b2,E11,1578986397558,-70
b2,Bed10,1578986397565,-69
b2,E8,1578986397575,-73
b2,A2,1578986397970,-64
b2,C3,1578986398025,-72
b2,Bed4,1578986398046,-60
b2,E14,1578986398050,-87
b2,D2,1578986398054,-62
b2,E9,1578986398054,-77
b2,E10,1578986398058,-69
b2,Bed10,1578986398069,-65
b2,E8,1578986398079,-71
b2,A2,1578986398477,-64
b2,C3,1578986398532,-73
b2,Bed4,1578986398554,-69
b2,E15,1578986398557,-68
b2,E14,1578986398557,-81
b2,E9,1578986398561,-80
b2,D2,1578986398562,-72
b2,E10,1578986398565,-71
b2,E11,1578986398571,-67
b2,Bed10,1578986398577,-65
b2,E8,1578986398587,-72
b2,A2,1578986398983,-63
b2,C3,1578986399039,-75
b2,Bed4,1578986399060,-60
b2,E15,1578986399062,-76
b2,E14,1578986399064,-70
b2,C4,1578986399066,-88
b2,E9,1578986399067,-87
b2,D2,1578986399068,-62
b2,E10,1578986399071,-79
b2,E11,1578986399077,-67
b2,Bed10,1578986399082,-65
b2,Bed2,1578986399085,-78
b2,E8,1578986399093,-72
b2,A2,1578986399493,-64
b2,C3,1578986399548,-77
b2,E15,1578986399572,-66
b2,E14,1578986399574,-71
b2,C4,1578986399576,-85
b2,E9,1578986399576,-86
b2,D2,1578986399578,-64
b2,E11,1578986399587,-67
b2,Bed10,1578986399592,-65
b2,Bed2,1578986399595,-77
b2,E8,1578986399602,-72
b2,A2,1578986399995,-68
b2,C3,1578986400050,-73
b2,Bed4,1578986400073,-55
b2,E15,1578986400073,-74
b2,E14,1578986400076,-75
b2,E9,1578986400078,-86
b2,C4,1578986400078,-72
b2,D2,1578986400079,-64
b2,E10,1578986400084,-70
b2,E11,1578986400089,-72
b2,Bed10,1578986400095,-70
b2,Bed2,1578986400097,-83
b2,E8,1578986400104,-74
b2,C3,1578986400552,-72
b2,Bed4,1578986400574,-57
b2,E15,1578986400577,-86
b2,E14,1578986400578,-75
b2,C4,1578986400581,-70
b2,E9,1578986400581,-81
b2,E10,1578986400585,-70
b2,Bed10,1578986400597,-68
b2,E8,1578986400607,-73
b2,A2,1578986401004,-77
b2,C3,1578986401060,-74
b2,Bed4,1578986401082,-58
b2,E15,1578986401085,-88
b2,E14,1578986401085,-83
b2,D2,1578986401088,-55
b2,E9,1578986401090,-81
b2,E10,1578986401094,-69
b2,E11,1578986401098,-72
b2,Bed10,1578986401105,-69
b2,E8,1578986401115,-72
b2,C3,1578986401570,-73
b2,Bed4,1578986401592,-67
b2,E14,1578986401595,-85
b2,C4,1578986401598,-93
b2,E9,1578986401600,-78
b2,E10,1578986401603,-68
b2,E11,1578986401608,-71
b2,Bed10,1578986401615,-68
b2,E8,1578986401625,-73
b2,A2,1578986402020,-64
b2,C3,1578986402075,-74
b2,Bed4,1578986402097,-61
b2,E14,1578986402100,-85
b2,C4,1578986402103,-90
b2,D2,1578986402104,-61
b2,E9,1578986402104,-82
b2,E10,1578986402108,-80
b2,Bed10,1578986402119,-65
b2,E8,1578986402129,-71
b2,A2,1578986402523,-65
b2,C3,1578986402578,-77
b2,E15,1578986402601,-72
b2,E14,1578986402603,-70
b2,C4,1578986402604,-81
b2,E9,1578986402605,-89
b2,D2,1578986402606,-66
b2,E11,1578986402616,-68
b2,Bed2,1578986402624,-81
b2,E8,1578986402631,-71
b2,E15,1578986403104,-70
b2,E9,1578986403109,-87
b2,D2,1578986403109,-65
b2,Bed2,1578986403127,-85
b2,E8,1578986403134,-74
b2,A2,1578986403533,-71
b2,C3,1578986403588,-72
b2,Bed4,1578986403611,-56
b2,E15,1578986403612,-68
b2,E14,1578986403614,-74
b2,C4,1578986403617,-73
b2,D2,1578986403617,-57
b2,E10,1578986403622,-70
b2,E11,1578986403627,-72
b2,Bed10,1578986403633,-71
b2,Bed2,1578986403635,-84
b2,E8,1578986403642,-74
b2,A2,1578986404037,-87
b2,C3,1578986404093,-85
b2,Bed4,1578986404115,-60
b2,E14,1578986404119,-82
b2,D2,1578986404122,-57
b2,E10,1578986404126,-73
b2,E11,1578986404130,-76
b2,Bed2,1578986404140,-82
b2,A2,1578986404542,-69
b2,C3,1578986404597,-72
b2,Bed4,1578986404620,-69
b2,E15,1578986404623,-88
b2,E14,1578986404623,-79
b2,C4,1578986404626,-87
b2,D2,1578986404626,-62
b2,E9,1578986404627,-77
b2,E10,1578986404631,-86
b2,E11,1578986404636,-77
b2,Bed2,1578986404644,-86
b2,E8,1578986404653,-68
b2,A2,1578986405043,-62
b2,C3,1578986405101,-77
b2,Bed4,1578986405120,-62
b2,E14,1578986405125,-71
b2,C4,1578986405126,-77
b2,E9,1578986405127,-91
b2,D2,1578986405128,-67
b2,E10,1578986405131,-85
b2,E11,1578986405137,-68
b2,Bed10,1578986405144,-66
b2,Bed2,1578986405146,-80
b2,E8,1578986405153,-78
b2,E15,1578986405161,-70
b2,A2,1578986405547,-78
b2,C3,1578986405603,-70
b2,Bed4,1578986405625,-63
b2,E15,1578986405626,-65
b2,E14,1578986405629,-66
b2,D2,1578986405631,-57
b2,E9,1578986405631,-79
b2,E10,1578986405636,-77
b2,E11,1578986405641,-68
b2,Bed10,1578986405648,-64
b2,Bed2,1578986405649,-78
b2,E8,1578986405656,-79
b2,A2,1578986406056,-79
b2,C3,1578986406113,-68
b2,Bed4,1578986406135,-61
b2,E15,1578986406136,-64
b2,E14,1578986406138,-71
b2,E9,1578986406140,-84
b2,D2,1578986406141,-65
b2,E10,1578986406146,-87
b2,E11,1578986406151,-72
b2,Bed10,1578986406157,-65
b2,Bed2,1578986406159,-78
b2,E8,1578986406166,-73
b2,C3,1578986406618,-69
b2,Bed4,1578986406642,-62
b2,E15,1578986406642,-67
b2,E14,1578986406645,-74
b2,C4,1578986406647,-87
b2,D2,1578986406648,-60
b2,E10,1578986406653,-70
b2,E11,1578986406657,-72
b2,Bed10,1578986406665,-63
b2,Bed2,1578986406666,-79
b2,E8,1578986406673,-82
b2,A2,1578986407066,-65
b2,C3,1578986407122,-73
b2,Bed4,1578986407145,-61
b2,E15,1578986407147,-77
b2,E14,1578986407148,-68
b2,D2,1578986407150,-74
b2,C4,1578986407151,-80
b2,E9,1578986407152,-82
b2,E10,1578986407156,-68
b2,Bed10,1578986407167,-66
b2,E8,1578986407177,-73
b2,Bed4,1578986408153,-65
b2,C4,1578986408159,-89
b2,E9,1578986408160,-85
b2,D2,1578986408161,-88
b2,E11,1578986408170,-73
b2,Bed10,1578986408175,-65
b2,E8,1578986408185,-74
b2,C3,1578986408636,-75
b2,E15,1578986408658,-85
b2,E14,1578986408661,-66
b2,C4,1578986408662,-77
b2,E9,1578986408663,-78
b2,D2,1578986408664,-67
b2,E10,1578986408669,-67
b2,Bed10,1578986408680,-61
b2,E8,1578986408689,-81
b2,A2,1578986409088,-78
b2,C3,1578986409144,-77
b2,Bed4,1578986409167,-60
b2,E14,1578986409170,-70
b2,C4,1578986409171,-87
b2,E9,1578986409172,-77
b2,D2,1578986409173,-60
b2,E10,1578986409178,-85
b2,E11,1578986409182,-85
b2,Bed10,1578986409189,-68
b2,Bed2,1578986409191,-87
b2,E8,1578986409198,-86
b2,A2,1578986409595,-66
b2,Bed4,1578986409673,-59
b2,E15,1578986409674,-74
b2,C4,1578986409679,-76
b2,E9,1578986409679,-78
b2,D2,1578986409679,-61
b2,E11,1578986409689,-77
b2,Bed10,1578986409695,-64
b2,Bed2,1578986409697,-91
b2,E8,1578986409703,-85
b2,C3,1578986410152,-74
b2,Bed4,1578986410174,-60
b2,E15,1578986410177,-78
b2,E14,1578986410178,-73
b2,D2,1578986410180,-61
b2,C4,1578986410181,-82
b2,E9,1578986410182,-75
b2,E10,1578986410185,-72
b2,E11,1578986410190,-81
b2,Bed10,1578986410197,-68
b2,C3,1578986410657,-73
b2,Bed4,1578986410681,-69
b2,E15,1578986410683,-79
b2,E14,1578986410683,-71
b2,C4,1578986410686,-80
b2,D2,1578986410687,-68
b2,E10,1578986410691,-71
b2,E11,1578986410696,-80
b2,Bed10,1578986410703,-64
b2,E8,1578986410713,-77
b2,Bed4,1578986411183,-70
b2,E15,1578986411185,-68
b2,C4,1578986411188,-75
b2,E9,1578986411190,-94
b2,D2,1578986411191,-61
b2,E10,1578986411194,-74
b2,E11,1578986411200,-81
b2,Bed10,1578986411205,-68
b2,Bed2,1578986411208,-75
b2,E8,1578986411215,-68
b2,A2,1578986411613,-70
b2,C3,1578986411669,-74
b2,Bed4,1578986411690,-66
b2,E15,1578986411692,-68
b2,E14,1578986411695,-65
b2,C4,1578986411696,-77
b2,E9,1578986411697,-75
b2,D2,1578986411698,-61
b2,E10,1578986411701,-75
b2,E11,1578986411707,-76
b2,Bed10,1578986411713,-69
b2,Bed2,1578986411716,-87
b2,E8,1578986411723,-73
b2,Bed4,1578986412195,-67
b2,E15,1578986412196,-72
b2,E14,1578986412199,-64
b2,E9,1578986412201,-86
b2,E10,1578986412206,-72
b2,Bed10,1578986412218,-68
b2,Bed2,1578986412220,-88
b2,E8,1578986412226,-74
b2,Bed4,1578986412699,-66
b2,E9,1578986412706,-82
b2,Bed10,1578986412721,-61
b2,A2,1578986413129,-73
b2,C3,1578986413185,-69
b2,Bed4,1578986413207,-62
b2,E14,1578986413211,-74
b2,C4,1578986413213,-86
b2,D2,1578986413214,-81
b2,E9,1578986413215,-80
b2,E10,1578986413218,-67
b2,E11,1578986413223,-78
b2,Bed10,1578986413230,-63
b2,Bed2,1578986413232,-85
b2,A2,1578986413637,-89
b2,C3,1578986413693,-68
b2,Bed4,1578986413715,-64
b2,E15,1578986413718,-70
b2,E14,1578986413719,-85
b2,D2,1578986413721,-70
b2,C4,1578986413722,-82
b2,E9,1578986413722,-86
b2,E10,1578986413726,-63
b2,E11,1578986413731,-78
b2,Bed10,1578986413738,-64
b2,E8,1578986413748,-79
b2,C3,1578986414194,-68
b2,Bed4,1578986414216,-60
b2,E14,1578986414220,-73
b2,E9,1578986414223,-89
b2,D2,1578986414224,-66
b2,Bed10,1578986414238,-66
b2,E8,1578986414249,-75
b2,A2,1578986414645,-88
b2,Bed4,1578986414721,-68
b2,E15,1578986414725,-87
b2,E9,1578986414729,-90
b2,E10,1578986414733,-77
b2,E11,1578986414739,-67
b2,C3,1578986415207,-66
b2,E15,1578986415230,-78
b2,E14,1578986415233,-71
b2,C4,1578986415234,-78
b2,E9,1578986415235,-93
b2,E11,1578986415245,-74
b2,Bed2,1578986415254,-83
b2,C3,1578986415715,-65
b2,E15,1578986415738,-69
b2,Bed4,1578986415738,-64
b2,E14,1578986415742,-67
b2,C4,1578986415742,-88
b2,E9,1578986415743,-88
b2,D2,1578986415744,-61
b2,E10,1578986415749,-64
b2,Bed10,1578986415760,-73
b2,E8,1578986415769,-68
b2,A2,1578986416164,-90
b2,C3,1578986416219,-69
b2,Bed4,1578986416242,-59
b2,E15,1578986416243,-77
b2,E14,1578986416246,-70
b2,D2,1578986416248,-72
b2,C4,1578986416248,-84
b2,E10,1578986416253,-72
b2,E11,1578986416258,-72
b2,Bed10,1578986416265,-80
b2,Bed2,1578986416266,-87
b2,E8,1578986416273,-72
b2,A2,1578986416673,-88
b2,C3,1578986416729,-68
b2,Bed4,1578986416752,-58
b2,E15,1578986416753,-71
b2,E14,1578986416755,-70
b2,C4,1578986416758,-79
b2,D2,1578986416758,-71
b2,E10,1578986416763,-65
b2,E11,1578986416768,-75
b2,Bed10,1578986416775,-72
b2,Bed2,1578986416776,-77
b2,E8,1578986416783,-75
b2,C3,1578986417745,-65
b2,E14,1578986417771,-71
b2,D2,1578986417774,-63
b2,C4,1578986417774,-77
b2,E9,1578986417775,-84
b2,C3,1578986418255,-70
b2,Bed4,1578986418278,-56
b2,E14,1578986418281,-73
b2,E9,1578986418284,-80
b2,C4,1578986418284,-71
b2,E10,1578986418288,-68
b2,Bed10,1578986418299,-69
b2,Bed2,1578986418301,-88
b2,A2,1578986418702,-70
b2,C3,1578986418758,-82
b2,Bed4,1578986418781,-60
b2,E14,1578986418783,-72
b2,D2,1578986418787,-82
b2,E10,1578986418791,-70
b2,Bed10,1578986418803,-69
b2,Bed2,1578986418804,-80
b2,A2,1578986419206,-68
b2,Bed4,1578986419283,-61
b2,E15,1578986419285,-82
b2,C4,1578986419289,-78
b2,E9,1578986419290,-78
b2,D2,1578986419290,-64
b2,E10,1578986419294,-70
b2,E11,1578986419300,-82
b2,Bed10,1578986419306,-73
b2,E8,1578986419315,-86
b2,A2,1578986419715,-71
b2,Bed4,1578986419792,-72
b2,E15,1578986419794,-76
b2,C4,1578986419798,-78
b2,E9,1578986419799,-79
b2,D2,1578986419799,-60
b2,E10,1578986419803,-69
b2,E11,1578986419809,-82
b2,Bed10,1578986419814,-74
b2,Bed2,1578986419817,-76
b2,E8,1578986419824,-82
b2,A2,1578986420730,-69
b2,C3,1578986420786,-67
b2,E14,1578986420812,-76
b2,E9,1578986420814,-80
b2,C4,1578986420814,-81
b2,D2,1578986420815,-70
b2,E10,1578986420819,-77
b2,E11,1578986420825,-85
b2,Bed2,1578986420833,-80
b2,E8,1578986420840,-79
b2,C3,1578986421286,-74
b2,Bed4,1578986421309,-59
b2,E14,1578986421312,-75
b2,D2,1578986421314,-75
b2,C4,1578986421315,-82
b2,E9,1578986421316,-83
b2,E10,1578986421319,-61
b2,E11,1578986421325,-81
b2,Bed10,1578986421331,-69
b2,A2,1578986421740,-76
b2,C3,1578986421796,-72
b2,Bed4,1578986421819,-59
b2,E14,1578986421822,-83
b2,D2,1578986421824,-71
b2,C4,1578986421825,-78
b2,E9,1578986421826,-83
b2,E10,1578986421829,-62
b2,E11,1578986421838,-76
b2,Bed10,1578986421841,-71
b2,Bed2,1578986421843,-73
b2,A2,1578986422243,-85
b2,Bed4,1578986422322,-61
b2,D2,1578986422327,-79
b2,C4,1578986422328,-77
b2,E9,1578986422329,-83
b2,E11,1578986422337,-71
b2,Bed10,1578986422344,-72
b2,Bed2,1578986422345,-80
b2,A2,1578986422752,-74
b2,C3,1578986422808,-86
b2,Bed4,1578986422831,-68
b2,E14,1578986422834,-74
b2,C4,1578986422837,-77
b2,D2,1578986422837,-78
b2,E9,1578986422839,-82
b2,E10,1578986422842,-62
b2,E11,1578986422847,-70
b2,Bed10,1578986422854,-72
b2,Bed2,1578986422855,-80
b2,E8,1578986422864,-79
b2,C3,1578986423310,-66
b2,Bed4,1578986423331,-62
b2,E15,1578986423333,-86
b2,E14,1578986423336,-73
b2,C4,1578986423337,-78
b2,E9,1578986423338,-78
b2,D2,1578986423339,-61
b2,E10,1578986423342,-77
b2,E11,1578986423348,-83
b2,Bed10,1578986423353,-72
b2,Bed2,1578986423357,-78
b2,A2,1578986423756,-72
b2,C3,1578986423813,-67
b2,Bed4,1578986423835,-59
b2,E15,1578986423836,-68
b2,E14,1578986423839,-74
b2,E9,1578986423841,-81
b2,D2,1578986423841,-66
b2,E10,1578986423846,-74
b2,E11,1578986423851,-79
b2,Bed10,1578986423857,-68
b2,Bed2,1578986423859,-78
b2,E8,1578986423866,-80
b2,A2,1578986424264,-78
b2,C3,1578986424320,-73
b2,E15,1578986424343,-76
b2,Bed4,1578986424343,-67
b2,E9,1578986424348,-85
b2,C4,1578986424348,-78
b2,D2,1578986424349,-75
b2,E10,1578986424354,-71
b2,E11,1578986424359,-78
b2,Bed10,1578986424365,-70
b2,Bed2,1578986424367,-74
b2,E8,1578986424374,-80
b2,A2,1578986425269,-78
b2,C3,1578986425323,-86
b2,Bed4,1578986425345,-61
b2,E15,1578986425347,-86
b2,E14,1578986425349,-74
b2,D2,1578986425352,-68
b2,E9,1578986425352,-79
b2,C4,1578986425352,-75
b2,E10,1578986425356,-75
b2,E11,1578986425363,-83
b2,Bed10,1578986425368,-69
b2,Bed2,1578986425369,-80
b2,E8,1578986425378,-82
b2,C3,1578986425824,-66
b2,Bed4,1578986425847,-60
b2,E15,1578986425848,-71
b2,E14,1578986425851,-74
b2,C4,1578986425852,-80
b2,E9,1578986425853,-92
b2,D2,1578986425853,-61
b2,E10,1578986425858,-77
b2,E11,1578986425863,-77
b2,Bed10,1578986425869,-68
b2,Bed2,1578986425874,-81
b2,E8,1578986425878,-81
b2,A2,1578986426276,-83
b2,C3,1578986426332,-66
b2,Bed4,1578986426356,-68
b2,E14,1578986426359,-72
b2,E15,1578986426360,-70
b2,D2,1578986426361,-64
b2,E9,1578986426363,-85
b2,E10,1578986426366,-73
b2,E11,1578986426371,-82
b2,Bed10,1578986426377,-66
b2,E8,1578986426385,-84
b2,C3,1578986426834,-73
b2,Bed4,1578986426857,-60
b2,E15,1578986426858,-67
b2,D2,1578986426862,-65
b2,C4,1578986426863,-76
b2,E9,1578986426864,-80
b2,E10,1578986426867,-61
b2,E11,1578986426872,-69
b2,Bed10,1578986426879,-73
b2,E8,1578986426889,-77
b2,C3,1578986427339,-84
b2,Bed4,1578986427362,-60
b2,E15,1578986427364,-67
b2,E14,1578986427366,-74
b2,D2,1578986427368,-65
b2,C4,1578986427368,-76
b2,E9,1578986427369,-82
b2,E10,1578986427373,-61
b2,Bed10,1578986427384,-72
b2,Bed2,1578986427386,-81
b2,E8,1578986427395,-78
b2,Bed4,1578986427867,-70
b2,E14,1578986427871,-72
b2,E9,1578986427874,-77
b2,D2,1578986427875,-80
b2,E10,1578986427878,-76
b2,Bed10,1578986427889,-70
b2,E8,1578986427900,-84
b2,Bed4,1578986428377,-71
b2,Bed10,1578986428399,-69
b2,A2,1578986428805,-68
b2,Bed4,1578986428883,-72
b2,E15,1578986428885,-85
b2,C4,1578986428889,-78
b2,D2,1578986428891,-68
b2,E9,1578986428891,-77
b2,E10,1578986428894,-67
b2,E11,1578986428900,-81
b2,Bed10,1578986428905,-69
b2,Bed2,1578986428908,-81
b2,E8,1578986428916,-80
b2,A2,1578986429310,-68
b2,C3,1578986429366,-66
b2,E14,1578986429393,-74
b2,C4,1578986429394,-80
b2,E9,1578986429394,-83
b2,D2,1578986429395,-70
b2,E10,1578986429399,-81
b2,E11,1578986429405,-77
b2,Bed2,1578986429413,-78
b2,E8,1578986429420,-80
b2,A2,1578986429817,-78
b2,E15,1578986429897,-70
b2,D2,1578986429902,-74
b2,E11,1578986429912,-79
b2,Bed4,1578986430403,-59
b2,D2,1578986430409,-74
b2,C4,1578986430409,-78
b2,E9,1578986430409,-87
b2,E10,1578986430414,-79
b2,E11,1578986430419,-77
b2,Bed10,1578986430426,-68
b2,Bed2,1578986430427,-74
b2,E8,1578986430434,-82
b2,A2,1578986430832,-68
b2,C3,1578986430888,-72
b2,Bed4,1578986430911,-60
b2,E14,1578986430914,-78
b2,D2,1578986430917,-68
b2,C4,1578986430917,-77
b2,E10,1578986430922,-86
b2,Bed10,1578986430933,-68
b2,Bed2,1578986430935,-74
b2,E8,1578986430942,-82
b2,A2,1578986431332,-83
b2,C3,1578986431388,-85
b2,Bed4,1578986431411,-58
b2,E15,1578986431413,-67
b2,E14,1578986431415,-75
b2,D2,1578986431417,-67
b2,C4,1578986431417,-75
b2,E9,1578986431419,-81
b2,E10,1578986431422,-69
b2,E11,1578986431427,-70
b2,Bed10,1578986431434,-72
b2,Bed2,1578986431435,-79
b2,E8,1578986431447,-81
b2,A2,1578986431837,-70
b2,Bed4,1578986431915,-62
b2,E15,1578986431917,-71
b2,E14,1578986431918,-74
b2,C4,1578986431921,-73
b2,D2,1578986431922,-64
b2,E9,1578986431922,-78
b2,E10,1578986431926,-76
b2,E11,1578986431932,-81
b2,Bed10,1578986431937,-70
b2,E8,1578986431947,-86
b2,C3,1578986432393,-67
b2,Bed4,1578986432416,-58
b2,E14,1578986432420,-72
b2,C4,1578986432421,-79
b2,E9,1578986432422,-84
b2,E10,1578986432427,-86
b2,E11,1578986432432,-80
b2,E8,1578986432447,-80
b2,A2,1578986432839,-81
b2,C3,1578986432896,-74
b2,Bed4,1578986432919,-68
b2,E14,1578986432922,-75
b2,D2,1578986432924,-66
b2,E9,1578986432925,-82
b2,C4,1578986432925,-78
b2,E10,1578986432929,-70
b2,E11,1578986432935,-78
b2,Bed10,1578986432941,-69
b2,Bed2,1578986432943,-76
b2,Bed4,1578986433421,-59
b2,E14,1578986433425,-74
b2,D2,1578986433427,-65
b2,C4,1578986433427,-75
b2,E9,1578986433429,-81
b2,E10,1578986433432,-61
b2,E11,1578986433436,-70
b2,Bed10,1578986433443,-69
b2,Bed2,1578986433445,-80
b2,Bed4,1578986433928,-61
b2,E15,1578986433930,-77
b2,E14,1578986433932,-74
b2,C4,1578986433934,-75
b2,E9,1578986433935,-78
b2,E10,1578986433939,-76
b2,Bed10,1578986433950,-71
b2,A2,1578986434355,-80
b2,Bed4,1578986434433,-70
b2,E15,1578986434435,-72
b2,C4,1578986434439,-80
b2,E9,1578986434440,-77
b2,E10,1578986434444,-76
b2,E11,1578986434451,-86
b2,Bed10,1578986434455,-71
b2,E8,1578986434466,-82
b2,D2,1578986434504,-63
b2,C3,1578986434916,-67
b2,E14,1578986434943,-73
b2,C4,1578986434944,-80
b2,E9,1578986434944,-88
b2,E11,1578986434955,-85
b2,Bed2,1578986434963,-79
b2,A2,1578986435364,-70
b2,C3,1578986435419,-72
b2,E15,1578986435443,-69
b2,Bed4,1578986435443,-60
b2,E14,1578986435446,-77
b2,E9,1578986435448,-87
b2,C4,1578986435448,-76
b2,D2,1578986435449,-65
b2,E10,1578986435454,-74
b2,E11,1578986435459,-79
b2,Bed10,1578986435465,-68
b2,E8,1578986435474,-80
b2,Bed2,1578986435492,-73
b2,A2,1578986435873,-81
b2,C3,1578986435928,-68
b2,Bed4,1578986435952,-57
b2,E15,1578986435952,-67
b2,E14,1578986435955,-72
b2,D2,1578986435958,-77
b2,C4,1578986435958,-79
b2,E10,1578986435963,-78
b2,E11,1578986435968,-75
b2,Bed10,1578986435974,-67
b2,Bed2,1578986435975,-79
b2,E8,1578986435983,-85
b2,A2,1578986436373,-82
b2,C3,1578986436429,-69
b2,Bed4,1578986436452,-60
b2,E14,1578986436455,-73
b2,E15,1578986436455,-62
b2,C4,1578986436458,-80
b2,D2,1578986436458,-62
b2,E9,1578986436459,-86
b2,E10,1578986436463,-93
b2,E11,1578986436468,-72
b2,Bed10,1578986436474,-77
b2,Bed2,1578986436476,-83
b2,E8,1578986436485,-73
b2,C3,1578986436932,-70
b2,Bed4,1578986436955,-73
b2,E14,1578986436959,-73
b2,A2,1578986437385,-89
b2,Bed4,1578986437463,-84
b2,E15,1578986437465,-69
b2,C4,1578986437469,-91
b2,E9,1578986437470,-74
b2,D2,1578986437470,-76
b2,E10,1578986437474,-65
b2,E11,1578986437480,-79
b2,Bed10,1578986437485,-75
b2,Bed2,1578986437489,-88
b2,E8,1578986437495,-86
b2,Bed4,1578986437972,-74
b2,C4,1578986437978,-79
b2,E9,1578986437979,-81
b2,E10,1578986437983,-78
b2,Bed10,1578986437994,-73
b2,Bed2,1578986437997,-78
b2,E8,1578986438004,-75
b2,E15,1578986438482,-67
b2,E14,1578986438484,-71
b2,C4,1578986438486,-84
b2,Bed2,1578986438505,-79
b2,E8,1578986438512,-80
b2,E15,1578986438988,-64
b2,E14,1578986438992,-69
b2,D2,1578986438994,-69
b2,E10,1578986438999,-73
b2,Bed10,1578986439010,-72
b2,E8,1578986439019,-82
b2,A2,1578986439412,-78
b2,C3,1578986439468,-71
b2,Bed4,1578986439491,-85
b2,E15,1578986439491,-63
b2,E14,1578986439495,-73
b2,C4,1578986439497,-71
b2,D2,1578986439497,-66
b2,E10,1578986439502,-69
b2,E11,1578986439507,-86
b2,Bed10,1578986439513,-74
b2,Bed2,1578986439514,-81
b2,E8,1578986439522,-80
b2,C3,1578986439977,-72
b2,E14,1578986440004,-77
b2,C4,1578986440006,-74
b2,E11,1578986440015,-85
b2,Bed2,1578986440024,-77
b2,A2,1578986440936,-74
b2,C3,1578986440993,-72
b2,Bed4,1578986441016,-73
b2,E14,1578986441019,-83
b2,D2,1578986441021,-74
b2,E10,1578986441027,-57
b2,E11,1578986441031,-76
b2,Bed10,1578986441037,-76
b2,Bed2,1578986441039,-80
b2,C3,1578986441495,-76
b2,Bed4,1578986441518,-64
b2,E15,1578986441521,-78
b2,E14,1578986441522,-75
b2,E9,1578986441525,-85
b2,C4,1578986441525,-82
b2,E10,1578986441529,-65
b2,Bed10,1578986441540,-74
b2,Bed2,1578986441542,-83
b2,E8,1578986441551,-77
b2,A2,1578986441948,-68
b2,C3,1578986442003,-73
b2,Bed4,1578986442027,-69
b2,E15,1578986442028,-67
b2,E14,1578986442030,-72
b2,C4,1578986442033,-79
b2,E9,1578986442033,-79
b2,E10,1578986442037,-64
b2,E11,1578986442044,-81
b2,Bed10,1578986442048,-75
b2,E8,1578986442058,-67
b2,A2,1578986442448,-66
b2,C3,1578986442505,-68
b2,Bed4,1578986442528,-61
b2,C4,1578986442532,-80
b2,E14,1578986442532,-69
b2,E9,1578986442533,-78
b2,D2,1578986442533,-64
b2,Bed10,1578986442550,-72
b2,E10,1578986442556,-60
b2,E8,1578986442559,-71
b2,A2,1578986442949,-73
b2,C3,1578986443005,-73
b2,Bed4,1578986443029,-65
b2,E14,1578986443032,-70
b2,D2,1578986443034,-72
b2,E9,1578986443035,-79
b2,C4,1578986443035,-77
b2,E10,1578986443039,-67
b2,A2,1578986443452,-72
b2,C3,1578986443508,-72
b2,Bed4,1578986443532,-76
b2,E15,1578986443534,-64
b2,E14,1578986443535,-80
b2,D2,1578986443538,-78
b2,E9,1578986443539,-80
b2,E10,1578986443543,-63
b2,E11,1578986443548,-73
b2,Bed10,1578986443554,-67
b2,Bed2,1578986443555,-80
b2,E8,1578986443564,-74
b2,A2,1578986443962,-72
b2,C3,1578986444018,-72
b2,Bed4,1578986444042,-71
b2,E15,1578986444044,-64
b2,E14,1578986444045,-77
b2,C4,1578986444048,-74
b2,D2,1578986444048,-73
b2,E9,1578986444049,-72
b2,E10,1578986444053,-58
b2,E11,1578986444057,-83
b2,Bed10,1578986444064,-73
b2,Bed2,1578986444065,-80
b2,E8,1578986444074,-82
b2,A2,1578986444466,-84
b2,C3,1578986444521,-70
b2,Bed4,1578986444544,-66
b2,E15,1578986444546,-87
b2,E14,1578986444548,-86
b2,D2,1578986444552,-60
b2,E10,1578986444555,-68
b2,E11,1578986444562,-71
b2,Bed10,1578986444566,-72
b2,E8,1578986444577,-76
b2,Bed4,1578986445052,-68
b2,E9,1578986445059,-81
b2,E10,1578986445063,-73
b2,E11,1578986445069,-67
b2,Bed10,1578986445074,-75
b2,Bed2,1578986445077,-87
b2,E8,1578986445085,-73
b2,A2,1578986445477,-69
b2,C3,1578986445534,-68
b2,Bed4,1578986445557,-63
b2,E15,1578986445557,-72
b2,E14,1578986445561,-83
b2,C4,1578986445562,-73
b2,E9,1578986445562,-83
b2,D2,1578986445563,-79
b2,E10,1578986445568,-89
b2,E11,1578986445573,-68
b2,Bed10,1578986445579,-67
b2,E8,1578986445588,-74
b2,C3,1578986446037,-75
b2,Bed4,1578986446059,-68
b2,C4,1578986446065,-75
b2,E9,1578986446066,-76
b2,E10,1578986446070,-68
b2,E11,1578986446075,-67
b2,Bed10,1578986446081,-67
b2,Bed2,1578986446083,-76
b2,A2,1578986446485,-74
b2,E15,1578986446566,-69
b2,D2,1578986446570,-75
b2,E9,1578986446572,-75
b2,E11,1578986446580,-69
b2,E8,1578986446597,-78
b2,A2,1578986446987,-68
b2,C3,1578986447042,-71
b2,Bed4,1578986447065,-77
b2,E15,1578986447067,-65
b2,E14,1578986447069,-75
b2,C4,1578986447071,-80
b2,D2,1578986447072,-78
b2,E9,1578986447072,-72
b2,E10,1578986447076,-76
b2,E11,1578986447083,-69
b2,Bed10,1578986447087,-65
b2,E8,1578986447097,-79
b2,A2,1578986447492,-77
b2,C3,1578986447548,-72
b2,E15,1578986447572,-65
b2,E14,1578986447575,-70
b2,C4,1578986447576,-88
b2,D2,1578986447577,-69
b2,E9,1578986447577,-80
b2,E11,1578986447587,-67
b2,Bed2,1578986447595,-74
b2,E8,1578986447602,-73
b2,C3,1578986448048,-74
b2,E15,1578986448072,-79
b2,Bed4,1578986448072,-63
b2,E14,1578986448075,-68
b2,D2,1578986448077,-66
b2,C4,1578986448077,-81
b2,E10,1578986448082,-65
b2,E11,1578986448087,-70
b2,Bed10,1578986448093,-66
b2,E8,1578986448102,-76
b2,A2,1578986448493,-72
b2,C3,1578986448549,-72
b2,E15,1578986448574,-66
b2,E14,1578986448576,-80
b2,D2,1578986448578,-61
b2,C4,1578986448579,-73
b2,E9,1578986448580,-80
b2,E10,1578986448584,-64
b2,E11,1578986448588,-81
b2,Bed10,1578986448595,-68
b2,Bed2,1578986448596,-80
b2,A2,1578986448996,-69
b2,C3,1578986449050,-73
b2,E15,1578986449076,-64
b2,E14,1578986449078,-73
b2,E9,1578986449081,-73
b2,D2,1578986449082,-70
b2,E10,1578986449085,-61
b2,E11,1578986449092,-69
b2,Bed10,1578986449096,-66
b2,E8,1578986449107,-85
b2,A2,1578986449506,-86
b2,C3,1578986449561,-73
b2,Bed4,1578986449584,-87
b2,E15,1578986449586,-73
b2,C4,1578986449590,-76
b2,E9,1578986449591,-73
b2,D2,1578986449591,-60
b2,E10,1578986449595,-62
b2,E11,1578986449602,-67
b2,Bed10,1578986449606,-71
b2,E8,1578986449617,-75
b2,A2,1578986450014,-84
b2,E15,1578986450094,-66
b2,E9,1578986450100,-85
b2,D2,1578986450100,-64
b2,E11,1578986450110,-68
b2,Bed2,1578986450118,-78
b2,E8,1578986450125,-75
b2,C3,1578986450576,-70
b2,C4,1578986450604,-88
b2,E14,1578986450604,-90
b2,E9,1578986450604,-78
b2,E10,1578986450611,-62
b2,E11,1578986450615,-68
b2,Bed2,1578986450623,-78
b2,A2,1578986451028,-83
b2,C3,1578986451085,-78
b2,E15,1578986451108,-75
b2,Bed4,1578986451109,-64
b2,E14,1578986451112,-73
b2,C4,1578986451113,-86
b2,E9,1578986451113,-85
b2,D2,1578986451114,-71
b2,E10,1578986451119,-71
b2,Bed10,1578986451130,-60
b2,Bed2,1578986451132,-80
b2,E8,1578986451139,-82
b2,A2,1578986451531,-68
b2,C3,1578986451587,-76
b2,Bed4,1578986451611,-69
b2,E14,1578986451615,-73
b2,D2,1578986451617,-60
b2,C4,1578986451617,-72
b2,E10,1578986451622,-59
b2,E11,1578986451627,-70
b2,Bed10,1578986451633,-65
b2,Bed2,1578986451634,-75
b2,E8,1578986451642,-72
b2,A2,1578986452037,-72
b2,C3,1578986452094,-79
b2,Bed4,1578986452118,-79
b2,E14,1578986452121,-78
b2,D2,1578986452123,-60
b2,C4,1578986452124,-70
b2,E9,1578986452125,-78
b2,E10,1578986452129,-60
b2,E11,1578986452133,-66
b2,Bed10,1578986452139,-67
b2,Bed2,1578986452142,-78
b2,E8,1578986452150,-76
b2,C3,1578986452595,-82
b2,Bed4,1578986452619,-79
b2,E15,1578986452621,-89
b2,E14,1578986452622,-77
b2,C4,1578986452625,-73
b2,E9,1578986452625,-78
b2,E10,1578986452629,-61
b2,Bed10,1578986452640,-67
b2,Bed2,1578986452642,-84
b2,E8,1578986452651,-75
b2,A2,1578986453049,-66
b2,C3,1578986453104,-75
b2,E15,1578986453129,-65
b2,E14,1578986453131,-74
b2,C4,1578986453134,-71
b2,E9,1578986453134,-79
b2,D2,1578986453135,-62
b2,E10,1578986453138,-60
b2,Bed2,1578986453151,-88
b2,E8,1578986453160,-75
b2,A2,1578986453551,-73
b2,C3,1578986453607,-78
b2,E15,1578986453631,-64
b2,E14,1578986453635,-75
b2,C4,1578986453635,-78
b2,E9,1578986453635,-75
b2,D2,1578986453637,-57
b2,E11,1578986453647,-65
b2,Bed2,1578986453654,-80
b2,E8,1578986453662,-69
b2,A2,1578986454053,-83
b2,C3,1578986454109,-71
b2,E15,1578986454133,-67
b2,Bed4,1578986454133,-75
b2,E14,1578986454136,-72
b2,C4,1578986454139,-71
b2,D2,1578986454139,-67
b2,E10,1578986454144,-56
b2,E11,1578986454149,-70
b2,Bed10,1578986454155,-69
b2,Bed2,1578986454156,-75
b2,E14,1578986454643,-76
b2,D2,1578986454644,-68
b2,C4,1578986454645,-80
b2,E10,1578986454649,-61
b2,Bed10,1578986454660,-62
b2,Bed2,1578986454662,-74
b2,C3,1578986455116,-73
b2,E15,1578986455141,-65
b2,E14,1578986455143,-72
b2,C4,1578986455146,-91
b2,E9,1578986455147,-80
b2,E10,1578986455150,-70
b2,E11,1578986455156,-72
b2,Bed2,1578986455163,-74
b2,E8,1578986455172,-70
b2,A2,1578986455566,-75
b2,C3,1578986455622,-72
b2,Bed4,1578986455645,-73
b2,E15,1578986455647,-73
b2,E14,1578986455649,-74
b2,C4,1578986455652,-85
b2,E9,1578986455652,-88
b2,D2,1578986455653,-64
b2,E10,1578986455656,-59
b2,E11,1578986455663,-66
b2,Bed10,1578986455667,-68
b2,E8,1578986455677,-79
b2,A2,1578986456076,-67
b2,C3,1578986456133,-72
b2,Bed4,1578986456154,-65
b2,E15,1578986456156,-66
b2,E14,1578986456158,-74
b2,C4,1578986456160,-70
b2,E9,1578986456161,-83
b2,D2,1578986456161,-54
b2,E10,1578986456165,-62
b2,E11,1578986456171,-62
b2,Bed10,1578986456176,-67
b2,E8,1578986456187,-72
b2,A2,1578986456585,-68
b2,Bed4,1578986456663,-71
b2,E15,1578986456664,-73
b2,C4,1578986456668,-74
b2,E9,1578986456670,-76
b2,D2,1578986456670,-53
b2,E10,1578986456674,-67
b2,E11,1578986456681,-61
b2,Bed10,1578986456685,-74
b2,Bed2,1578986456688,-80
b2,E8,1578986456695,-79
b2,E15,1578986457174,-85
b2,E9,1578986457179,-76
b2,E10,1578986457184,-59
b2,Bed10,1578986457194,-71
b2,A2,1578986457604,-67
b2,Bed4,1578986457682,-71
b2,E15,1578986457684,-75
b2,C4,1578986457688,-76
b2,E9,1578986457689,-70
b2,D2,1578986457689,-58
b2,E10,1578986457693,-59
b2,E11,1578986457700,-59
b2,Bed10,1578986457704,-72
b2,Bed2,1578986457707,-70
b2,E8,1578986457715,-76
b2,Bed4,1578986458193,-63
b2,C4,1578986458198,-77
b2,E9,1578986458199,-76
b2,E10,1578986458203,-60
b2,Bed2,1578986458217,-84
b2,A2,1578986458620,-70
b2,C3,1578986458677,-68
b2,E15,1578986458701,-65
b2,E14,1578986458704,-68
b2,C4,1578986458705,-78
b2,D2,1578986458706,-57
b2,E9,1578986458706,-78
b2,E11,1578986458716,-65
b2,Bed2,1578986458724,-85
b2,E8,1578986458732,-77
b2,A2,1578986459122,-65
b2,C3,1578986459178,-75
b2,E15,1578986459202,-81
b2,Bed4,1578986459202,-73
b2,E14,1578986459205,-69
b2,C4,1578986459208,-72
b2,D2,1578986459208,-70
b2,E10,1578986459213,-77
b2,E11,1578986459218,-68
b2,Bed10,1578986459225,-69
b2,Bed2,1578986459226,-78
b2,E8,1578986459233,-71
b2,E15,1578986459706,-71
b2,E9,1578986459711,-73
b2,Bed10,1578986459726,-79
b2,E8,1578986459736,-71
b2,A2,1578986460127,-61
b2,C3,1578986460183,-73
b2,Bed4,1578986460206,-62
b2,E15,1578986460208,-71
b2,E14,1578986460210,-87
b2,E9,1578986460213,-81
b2,D2,1578986460213,-61
b2,C4,1578986460213,-78
b2,E10,1578986460218,-64
b2,E11,1578986460223,-64
b2,Bed10,1578986460229,-71
b2,Bed2,1578986460230,-85
b2,E8,1578986460239,-78
b2,A2,1578986460637,-85
b2,C3,1578986460692,-73
b2,E15,1578986460717,-65
b2,E9,1578986460722,-79
b2,C4,1578986460722,-76
b2,D2,1578986460722,-60
b2,E10,1578986460726,-71
b2,E11,1578986460733,-59
b2,Bed10,1578986460737,-87
b2,E8,1578986460747,-79
b2,A2,1578986461142,-71
b2,C3,1578986461199,-67
b2,Bed4,1578986461221,-77
b2,E15,1578986461222,-76
b2,E14,1578986461226,-75
b2,E9,1578986461227,-78
b2,C4,1578986461227,-79
b2,D2,1578986461228,-76
b2,E11,1578986461239,-63
b2,Bed10,1578986461243,-70
b2,Bed2,1578986461246,-83
b2,E8,1578986461253,-85
b2,A2,1578986461647,-67
b2,C3,1578986461703,-73
b2,Bed4,1578986461727,-50
b2,E14,1578986461731,-72
b2,E9,1578986461732,-82
b2,D2,1578986461733,-84
b2,E10,1578986461739,-57
b2,E11,1578986461743,-69
b2,Bed10,1578986461750,-68
b2,Bed2,1578986461751,-73
b2,C3,1578986462212,-74
b2,E15,1578986462235,-69
b2,Bed4,1578986462236,-60
b2,E14,1578986462239,-70
b2,E9,1578986462241,-72
b2,D2,1578986462241,-57
b2,E10,1578986462246,-69
b2,E11,1578986462251,-66
b2,Bed10,1578986462257,-65
b2,E8,1578986462266,-80
b2,A2,1578986462658,-76
b2,C3,1578986462715,-75
b2,Bed4,1578986462739,-58
b2,E14,1578986462743,-70
b2,D2,1578986462744,-59
b2,E9,1578986462746,-70
b2,E10,1578986462750,-70
b2,Bed10,1578986462760,-69
b2,A2,1578986463163,-78
b2,Bed4,1578986463244,-82
b2,E15,1578986463245,-78
b2,E14,1578986463247,-81
b2,C4,1578986463249,-80
b2,E9,1578986463251,-70
b2,E10,1578986463255,-68
b2,E11,1578986463261,-69
b2,Bed10,1578986463266,-69
b2,Bed2,1578986463267,-77
b2,E8,1578986463276,-86
b2,A2,1578986463666,-67
b2,C3,1578986463721,-90
b2,Bed4,1578986463745,-61
b2,E15,1578986463746,-64
b2,E14,1578986463749,-77
b2,E9,1578986463752,-72
b2,D2,1578986463752,-58
b2,E10,1578986463756,-59
b2,E11,1578986463762,-62
b2,Bed10,1578986463767,-78
b2,E8,1578986463777,-79
b2,A2,1578986464173,-65
b2,E15,1578986464254,-69
b2,C4,1578986464258,-71
b2,E9,1578986464259,-72
b2,D2,1578986464259,-59
b2,E10,1578986464264,-57
b2,E11,1578986464270,-64
b2,Bed10,1578986464274,-76
b2,Bed2,1578986464277,-70
b2,E8,1578986464285,-81
b2,A2,1578986464678,-71
b2,C3,1578986464735,-86
b2,E15,1578986464758,-64
b2,Bed4,1578986464759,-66
b2,C4,1578986464763,-77
b2,E14,1578986464763,-72
b2,D2,1578986464764,-74
b2,E10,1578986464769,-70
b2,Bed10,1578986464779,-63
b2,Bed2,1578986464782,-75
b2,E8,1578986464789,-77
b2,A2,1578986465186,-64
b2,C3,1578986465243,-78
b2,E15,1578986465265,-66
b2,Bed4,1578986465266,-57
b2,E9,1578986465272,-72
b2,D2,1578986465272,-61
b2,E11,1578986465282,-72
b2,Bed10,1578986465288,-69
b2,Bed2,1578986465290,-84
b2,E8,1578986465297,-77
b2,A2,1578986465694,-65
b2,C3,1578986465751,-92
b2,E15,1578986465775,-72
b2,Bed4,1578986465775,-65
b2,E14,1578986465779,-75
b2,E9,1578986465780,-75
b2,D2,1578986465781,-73
b2,E10,1578986465786,-58
b2,E11,1578986465791,-64
b2,Bed10,1578986465797,-67
b2,A2,1578986466194,-66
b2,C3,1578986466251,-75
b2,Bed4,1578986466275,-77
b2,E15,1578986466276,-65
b2,E14,1578986466279,-75
b2,D2,1578986466281,-64
b2,E9,1578986466282,-75
b2,E10,1578986466286,-73
b2,E11,1578986466291,-66
b2,Bed10,1578986466297,-71
b2,Bed2,1578986466298,-85
b2,E8,1578986466307,-94
b2,A2,1578986466702,-79
b2,C3,1578986466759,-77
b2,E15,1578986466784,-74
b2,E14,1578986466786,-83
b2,D2,1578986466788,-66
b2,C4,1578986466789,-77
b2,E9,1578986466790,-80
b2,E10,1578986466794,-66
b2,E11,1578986466799,-62
b2,Bed10,1578986466805,-77
b2,Bed2,1578986466806,-78
b2,E8,1578986466815,-86
b2,A2,1578986467208,-85
b2,C3,1578986467264,-78
b2,Bed4,1578986467288,-76
b2,E15,1578986467289,-62
b2,C4,1578986467293,-74
b2,E9,1578986467294,-69
b2,D2,1578986467294,-60
b2,E10,1578986467298,-57
b2,Bed10,1578986467308,-71
b2,E8,1578986467319,-78
b2,C3,1578986468283,-81
b2,Bed4,1578986468307,-64
b2,E15,1578986468309,-78
b2,E14,1578986468311,-72
b2,D2,1578986468314,-56
b2,E9,1578986468314,-80
b2,E10,1578986468318,-66
b2,Bed10,1578986468329,-74
b2,A2,1578986468731,-73
b2,C3,1578986468788,-69
b2,E14,1578986468816,-78
b2,D2,1578986468817,-67
b2,E11,1578986468828,-64
b2,Bed2,1578986468835,-74
b2,A2,1578986469237,-66
b2,C3,1578986469294,-76
b2,E15,1578986469317,-62
b2,Bed4,1578986469318,-61
b2,E14,1578986469321,-88
b2,C4,1578986469322,-73
b2,E9,1578986469323,-78
b2,D2,1578986469323,-56
b2,E10,1578986469329,-59
b2,E11,1578986469333,-58
b2,Bed10,1578986469339,-70
b2,Bed2,1578986469341,-84
b2,E8,1578986469348,-89
b2,A2,1578986469738,-67
b2,C3,1578986469795,-86
b2,Bed4,1578986469819,-63
b2,E14,1578986469823,-79
b2,D2,1578986469824,-69
b2,C4,1578986469825,-76
b2,E9,1578986469826,-70
b2,E10,1578986469830,-54
b2,Bed10,1578986469840,-67
b2,Bed2,1578986469843,-76
b2,A2,1578986470245,-82
b2,C3,1578986470302,-76
b2,E15,1578986470327,-69
b2,D2,1578986470331,-66
b2,C4,1578986470332,-77
b2,E9,1578986470333,-66
b2,E11,1578986470342,-63
b2,Bed10,1578986470347,-73
b2,E8,1578986470358,-90
b2,C3,1578986470806,-72
b2,E15,1578986470831,-65
b2,E14,1578986470834,-75
b2,E9,1578986470836,-68
b2,C4,1578986470836,-78
b2,E10,1578986470841,-60
b2,E11,1578986470846,-64
b2,Bed2,1578986470853,-82
b2,E8,1578986470862,-77
b2,A2,1578986471254,-70
b2,Bed4,1578986471334,-74
b2,E15,1578986471335,-63
b2,C4,1578986471339,-81
b2,E9,1578986471340,-68
b2,D2,1578986471341,-67
b2,E10,1578986471345,-55
b2,E11,1578986471351,-62
b2,Bed2,1578986471358,-87
b2,E8,1578986471366,-93
b2,A2,1578986471757,-73
b2,C3,1578986471815,-69
b2,E15,1578986471838,-64
b2,Bed4,1578986471839,-59
b2,C4,1578986471843,-78
b2,E14,1578986471843,-78
b2,D2,1578986471844,-60
b2,E9,1578986471844,-73
b2,E11,1578986471854,-67
b2,Bed10,1578986471860,-75
b2,Bed2,1578986471862,-87
b2,E8,1578986471869,-81
b2,C3,1578986472322,-71
b2,E15,1578986472346,-65
b2,Bed4,1578986472347,-59
b2,E14,1578986472350,-80
b2,E9,1578986472351,-70
b2,D2,1578986472352,-71
b2,E10,1578986472358,-64
b2,E11,1578986472362,-66
b2,Bed10,1578986472368,-69
b2,Bed2,1578986472370,-76
b2,E8,1578986472377,-76
b2,A2,1578986472768,-77
b2,C3,1578986472829,-72
b2,Bed4,1578986472849,-57
b2,D2,1578986472854,-73
b2,C4,1578986472855,-78
b2,E9,1578986472856,-66
b2,E10,1578986472860,-54
b2,Bed10,1578986472870,-72
b2,Bed2,1578986472872,-82
b2,C3,1578986473329,-86
b2,Bed4,1578986473353,-63
b2,E15,1578986473354,-82
b2,E14,1578986473356,-77
b2,D2,1578986473358,-71
b2,C4,1578986473359,-79
b2,E9,1578986473360,-73
b2,E10,1578986473364,-53
b2,E11,1578986473369,-66
b2,Bed10,1578986473375,-73
b2,Bed2,1578986473376,-85
b2,E8,1578986473385,-79
b2,A2,1578986473778,-72
b2,C3,1578986473833,-79
b2,E15,1578986473858,-74
b2,Bed4,1578986473858,-75
b2,E14,1578986473862,-83
b2,C4,1578986473864,-74
b2,D2,1578986473864,-63
b2,E9,1578986473864,-75
b2,E10,1578986473868,-56
b2,Bed10,1578986473879,-79
b2,Bed2,1578986473881,-86
b2,E8,1578986473890,-89
b2,C3,1578986474338,-84
b2,E15,1578986474362,-68
b2,Bed4,1578986474362,-65
b2,C4,1578986474367,-78
b2,D2,1578986474368,-71
b2,E9,1578986474368,-73
b2,E10,1578986474373,-60
b2,E11,1578986474379,-70
b2,Bed10,1578986474383,-78
b2,E8,1578986474394,-85
b2,A2,1578986474784,-70
b2,C3,1578986474841,-73
b2,E15,1578986474865,-66
b2,Bed4,1578986474865,-63
b2,E14,1578986474869,-90
b2,E9,1578986474870,-67
b2,E10,1578986474876,-69
b2,E11,1578986474881,-64
b2,Bed10,1578986474887,-65
b2,E8,1578986474896,-78
b2,A2,1578986475287,-86
b2,C3,1578986475344,-87
b2,Bed4,1578986475368,-69
b2,E14,1578986475372,-79
b2,D2,1578986475373,-69
b2,C4,1578986475374,-78
b2,E9,1578986475375,-68
b2,E10,1578986475379,-54
b2,E11,1578986475384,-59
b2,Bed10,1578986475390,-71
b2,A2,1578986475797,-70
b2,C3,1578986475854,-79
b2,Bed4,1578986475878,-65
b2,E14,1578986475882,-71
b2,D2,1578986475883,-66
b2,E9,1578986475885,-70
b2,E10,1578986475889,-71
b2,E11,1578986475894,-62
b2,Bed10,1578986475899,-78
b2,Bed2,1578986475901,-77
b2,E8,1578986475910,-75
b2,A2,1578986476805,-67
b2,Bed4,1578986476884,-73
b2,E15,1578986476885,-80
b2,E9,1578986476891,-67
b2,D2,1578986476892,-69
b2,E10,1578986476896,-78
b2,E11,1578986476902,-66
b2,E8,1578986476916,-81
b2,A2,1578986477306,-70
b2,C3,1578986477363,-73
b2,Bed4,1578986477387,-54
b2,E15,1578986477387,-63
b2,E14,1578986477391,-71
b2,E9,1578986477392,-70
b2,C4,1578986477392,-76
b2,D2,1578986477392,-61
b2,E10,1578986477398,-59
b2,E11,1578986477403,-62
b2,Bed10,1578986477409,-70
b2,Bed2,1578986477411,-74
b2,E8,1578986477418,-80
b2,A2,1578986477813,-72
b2,C3,1578986477871,-74
b2,E15,1578986477894,-72
b2,Bed4,1578986477895,-65
b2,E14,1578986477899,-73
b2,D2,1578986477900,-58
b2,C4,1578986477900,-87
b2,E9,1578986477900,-70
b2,E10,1578986477906,-57
b2,E11,1578986477910,-61
b2,Bed10,1578986477916,-71
b2,Bed2,1578986477918,-76
b2,E8,1578986477925,-78
b2,A2,1578986478320,-80
b2,C3,1578986478377,-79
b2,E15,1578986478401,-72
b2,Bed4,1578986478402,-66
b2,E14,1578986478405,-74
b2,D2,1578986478407,-59
b2,C4,1578986478408,-92
b2,E9,1578986478408,-72
b2,E10,1578986478413,-56
b2,E11,1578986478418,-61
b2,Bed10,1578986478423,-72
b2,Bed2,1578986478425,-78
b2,E8,1578986478432,-79
b2,E14,1578986478914,-71
b2,C4,1578986478916,-90
b2,E9,1578986478917,-71
b2,E10,1578986478921,-79
b2,E11,1578986478926,-63
b2,Bed10,1578986478931,-76
b2,Bed2,1578986478933,-77
b2,A2,1578986479337,-70
b2,C3,1578986479394,-86
b2,Bed4,1578986479418,-74
b2,E15,1578986479419,-90
b2,E14,1578986479422,-71
b2,D2,1578986479423,-65
b2,E9,1578986479425,-72
b2,E10,1578986479429,-73
b2,E11,1578986479434,-62
b2,Bed10,1578986479439,-76
b2,Bed2,1578986479441,-77
b2,E8,1578986479450,-74
b2,C3,1578986479901,-85
b2,Bed4,1578986479925,-65
b2,E14,1578986479929,-71
b2,E9,1578986479932,-72
b2,E10,1578986479936,-77
b2,E11,1578986479941,-62
b2,E8,1578986479957,-74
b2,A2,1578986480353,-69
b2,Bed4,1578986480434,-65
b2,E14,1578986480438,-82
b2,C4,1578986480439,-77
b2,D2,1578986480439,-62
b2,E9,1578986480441,-71
b2,E10,1578986480445,-70
b2,E11,1578986480450,-63
b2,Bed10,1578986480455,-76
b2,C3,1578986480912,-77
b2,Bed4,1578986480936,-66
b2,E15,1578986480937,-70
b2,E14,1578986480940,-78
b2,C4,1578986480942,-77
b2,D2,1578986480943,-62
b2,E9,1578986480943,-68
b2,E10,1578986480948,-76
b2,E11,1578986480955,-70
b2,Bed10,1578986480958,-82
b2,E8,1578986480969,-90
b2,A2,1578986481358,-71
b2,C3,1578986481415,-74
b2,Bed4,1578986481439,-54
b2,E15,1578986481439,-73
b2,E14,1578986481443,-72
b2,D2,1578986481444,-60
b2,C4,1578986481444,-76
b2,E9,1578986481445,-70
b2,E10,1578986481451,-58
b2,E11,1578986481456,-76
b2,Bed10,1578986481461,-70
b2,Bed2,1578986481463,-75
b2,E8,1578986481470,-78
b2,E14,1578986481949,-70
b2,A2,1578986482367,-69
b2,C3,1578986482425,-83
b2,Bed4,1578986482449,-65
b2,E14,1578986482453,-72
b2,D2,1578986482454,-73
b2,E10,1578986482460,-65
b2,Bed10,1578986482470,-75
b2,Bed2,1578986482472,-75
b2,A2,1578986482876,-69
b2,C3,1578986482934,-86
b2,E14,1578986482962,-72
b2,D2,1578986482963,-67
b2,C4,1578986482964,-89
b2,E9,1578986482965,-73
b2,E10,1578986482969,-68
b2,E11,1578986482974,-62
b2,Bed10,1578986482980,-76
b2,Bed2,1578986482981,-75
b2,E8,1578986482990,-75
b2,C3,1578986483433,-76
b2,Bed4,1578986483458,-68
b2,E14,1578986483462,-83
b2,E9,1578986483465,-67
b2,D2,1578986483465,-64
b2,C4,1578986483465,-78
b2,E10,1578986483469,-75
b2,Bed10,1578986483480,-85
b2,Bed2,1578986483481,-89
b2,E8,1578986483491,-87
b2,C3,1578986483937,-77
b2,E15,1578986483961,-86
b2,E14,1578986483965,-73
b2,C4,1578986483966,-75
b2,E9,1578986483966,-71
b2,D2,1578986483967,-63
b2,E11,1578986483978,-71
b2,Bed2,1578986483985,-78
b2,E8,1578986483992,-89
b2,A2,1578986484382,-68
b2,C3,1578986484439,-88
b2,E15,1578986484463,-64
b2,Bed4,1578986484464,-56
b2,D2,1578986484469,-60
b2,C4,1578986484469,-92
b2,E11,1578986484479,-63
b2,Bed10,1578986484485,-70
b2,Bed2,1578986484486,-77
b2,E8,1578986484494,-79
b2,Bed4,1578986484964,-63
b2,E15,1578986484965,-86
b2,C4,1578986484970,-76
b2,E9,1578986484971,-73
b2,E10,1578986484975,-68
b2,Bed10,1578986484985,-78
b2,E8,1578986484996,-75
b2,Bed4,1578986485472,-65
b2,E14,1578986485475,-81
b2,C4,1578986485478,-77
b2,E10,1578986485483,-76
b2,E11,1578986485488,-62
b2,Bed10,1578986485493,-76
b2,Bed2,1578986485495,-83
b2,E8,1578986485504,-75
b2,A2,1578986485895,-91
b2,C3,1578986485951,-78
b2,Bed4,1578986485975,-66
b2,E15,1578986485976,-70
b2,E14,1578986485979,-79
b2,D2,1578986485982,-62
b2,E9,1578986485982,-67
b2,E10,1578986485986,-76
b2,E11,1578986485993,-81
b2,Bed10,1578986485997,-81
b2,E8,1578986486007,-86
b2,C3,1578986486456,-75
b2,E15,1578986486481,-70
b2,C4,1578986486485,-75
b2,E14,1578986486485,-72
b2,D2,1578986486486,-62
b2,E9,1578986486486,-70
b2,E11,1578986486497,-76
b2,Bed2,1578986486504,-75
b2,E8,1578986486512,-88
b2,E15,1578986486983,-64
b2,Bed4,1578986486985,-54
b2,D2,1578986486990,-68
b2,E9,1578986486990,-71
b2,E10,1578986486996,-59
b2,E11,1578986487000,-62
b2,Bed2,1578986487007,-76
b2,A2,1578986487919,-78
b2,C3,1578986487975,-84
b2,E14,1578986488004,-72
b2,E9,1578986488006,-72
b2,E10,1578986488011,-76
b2,E11,1578986488016,-64
b2,Bed10,1578986488021,-76
b2,Bed2,1578986488023,-79
b2,A2,1578986488424,-67
b2,C3,1578986488481,-80
b2,E15,1578986488506,-90
b2,Bed4,1578986488506,-63
b2,E14,1578986488509,-71
b2,D2,1578986488511,-78
b2,E9,1578986488512,-72
b2,C4,1578986488512,-88
b2,E10,1578986488517,-68
b2,Bed10,1578986488527,-77
b2,E8,1578986488538,-75
b2,Bed4,1578986489514,-68
b2,E15,1578986489515,-73
b2,C4,1578986489520,-75
b2,D2,1578986489521,-70
b2,E9,1578986489521,-67
b2,E10,1578986489526,-68
b2,E11,1578986489532,-77
b2,Bed10,1578986489536,-82
b2,E8,1578986489546,-87
b2,A2,1578986490438,-71
b2,C3,1578986490495,-76
b2,Bed4,1578986490520,-62
b2,E14,1578986490524,-72
b2,D2,1578986490525,-71
b2,C4,1578986490526,-89
b2,E9,1578986490527,-74
b2,E10,1578986490531,-79
b2,E11,1578986490536,-63
b2,Bed10,1578986490541,-75
b2,Bed2,1578986490543,-75
b2,C3,1578986490996,-76
b2,Bed4,1578986491021,-66
b2,E15,1578986491022,-88
b2,E14,1578986491025,-81
b2,D2,1578986491026,-78
b2,C4,1578986491027,-78
b2,E9,1578986491027,-67
b2,E11,1578986491037,-63
b2,Bed2,1578986491044,-85
b2,E8,1578986491053,-74
b2,A2,1578986491446,-89
b2,Bed4,1578986491527,-68
b2,E15,1578986491527,-71
b2,C4,1578986491533,-79
b2,D2,1578986491533,-75
b2,E9,1578986491533,-67
b2,E11,1578986491544,-89
b2,E8,1578986491559,-87
b2,A2,1578986491947,-71
b2,C3,1578986492005,-72
b2,E15,1578986492029,-80
b2,Bed4,1578986492030,-59
b2,E14,1578986492033,-82
b2,D2,1578986492034,-63
b2,C4,1578986492034,-78
b2,E9,1578986492035,-66
b2,E10,1578986492041,-67
b2,Bed10,1578986492051,-69
b2,Bed2,1578986492053,-74
b2,A2,1578986492450,-70
b2,C3,1578986492507,-80
b2,E15,1578986492531,-73
b2,Bed4,1578986492533,-64
b2,E14,1578986492536,-72
b2,D2,1578986492537,-61
b2,E10,1578986492543,-71
b2,E11,1578986492548,-66
b2,Bed10,1578986492553,-74
b2,E8,1578986492563,-88
b2,A2,1578986492955,-88
b2,C3,1578986493012,-74
b2,Bed4,1578986493037,-70
b2,E14,1578986493041,-74
b2,D2,1578986493041,-70
b2,E9,1578986493043,-66
b2,E10,1578986493048,-66
b2,E11,1578986493053,-60
b2,Bed10,1578986493058,-81
b2,Bed2,1578986493060,-80
b2,C3,1578986493522,-74
b2,Bed4,1578986493546,-68
b2,E15,1578986493547,-93
b2,E14,1578986493550,-73
b2,C4,1578986493552,-76
b2,E8,1578986493578,-88
b2,C3,1578986494022,-73
b2,Bed4,1578986494046,-76
b2,E15,1578986494047,-79
b2,E14,1578986494051,-80
b2,C4,1578986494053,-90
b2,D2,1578986494053,-70
b2,E9,1578986494053,-66
b2,E10,1578986494057,-59
b2,E11,1578986494064,-64
b2,Bed10,1578986494067,-79
b2,E8,1578986494079,-91
b2,A2,1578986494471,-68
b2,C3,1578986494528,-74
b2,Bed4,1578986494551,-64
b2,E15,1578986494552,-69
b2,C4,1578986494557,-77
b2,E14,1578986494557,-72
b2,E9,1578986494558,-65
b2,E11,1578986494569,-75
b2,Bed2,1578986494575,-76
b2,E8,1578986494584,-85
b2,D2,1578986494595,-67
b2,A2,1578986494974,-70
b2,C3,1578986495032,-78
b2,E15,1578986495055,-65
b2,Bed4,1578986495056,-76
b2,E14,1578986495060,-71
b2,E9,1578986495061,-71
b2,D2,1578986495061,-58
b2,E10,1578986495067,-62
b2,E11,1578986495072,-64
b2,Bed10,1578986495077,-71
b2,Bed2,1578986495080,-83
b2,E8,1578986495087,-89
b2,A2,1578986495474,-70
b2,E15,1578986495557,-56
b2,D2,1578986495561,-61
b2,C4,1578986495563,-77
b2,E11,1578986495572,-65
b2,C3,1578986496036,-79
b2,Bed4,1578986496061,-72
b2,E15,1578986496062,-75
b2,E14,1578986496065,-76
b2,C4,1578986496067,-83
b2,E9,1578986496067,-71
b2,E11,1578986496077,-65
b2,Bed2,1578986496084,-81
b2,E8,1578986496093,-79
b2,A2,1578986496486,-77
b2,E15,1578986496567,-66
b2,Bed4,1578986496568,-68
b2,E14,1578986496571,-79
b2,D2,1578986496573,-63
b2,C4,1578986496573,-75
b2,E9,1578986496573,-64
b2,E10,1578986496578,-58
b2,E11,1578986496584,-63
b2,E8,1578986496599,-89
b2,A2,1578986496994,-87
b2,Bed4,1578986497074,-63
b2,E15,1578986497075,-69
b2,C4,1578986497080,-84
b2,E9,1578986497081,-65
b2,D2,1578986497081,-53
b2,E10,1578986497086,-67
b2,E11,1578986497092,-66
b2,Bed10,1578986497095,-74
b2,E8,1578986497106,-86
b2,A2,1578986497503,-78
b2,Bed4,1578986497583,-72
b2,E15,1578986497584,-64
b2,C4,1578986497589,-81
b2,E9,1578986497590,-64
b2,D2,1578986497590,-59
b2,E10,1578986497594,-59
b2,E11,1578986497603,-62
b2,Bed10,1578986497605,-73
b2,Bed2,1578986497607,-87
b2,E8,1578986497615,-92
b2,A2,1578986498002,-69
b2,Bed4,1578986498085,-60
b2,E9,1578986498090,-67
b2,C4,1578986498090,-74
b2,D2,1578986498090,-63
b2,E10,1578986498096,-54
b2,E11,1578986498101,-63
b2,Bed10,1578986498106,-74
b2,Bed2,1578986498107,-76
b2,E8,1578986498115,-78
b2,A2,1578986498510,-84
b2,C3,1578986498566,-71
b2,E15,1578986498591,-80
b2,Bed4,1578986498592,-60
b2,E14,1578986498595,-81
b2,E9,1578986498597,-68
b2,D2,1578986498597,-70
b2,C4,1578986498598,-77
b2,E11,1578986498607,-61
b2,Bed10,1578986498613,-77
b2,Bed2,1578986498614,-77
b2,A2,1578986499016,-72
b2,C3,1578986499073,-77
b2,E15,1578986499098,-68
b2,Bed4,1578986499098,-70
b2,E14,1578986499102,-82
b2,D2,1578986499103,-64
b2,C4,1578986499104,-92
b2,E9,1578986499105,-76
b2,E10,1578986499109,-54
b2,E11,1578986499114,-67
b2,Bed10,1578986499119,-90
b2,Bed2,1578986499121,-78
b2,E8,1578986499130,-77
b2,A2,1578986499522,-86
b2,C3,1578986499579,-74
b2,E14,1578986499607,-79
b2,D2,1578986499608,-77
b2,E9,1578986499610,-68
b2,E10,1578986499615,-54
b2,E11,1578986499620,-67
b2,Bed10,1578986499625,-78
b2,E8,1578986499636,-74
b2,A2,1578986500031,-71
b2,C3,1578986500088,-78
b2,Bed4,1578986500113,-70
b2,E15,1578986500114,-70
b2,E14,1578986500117,-79
b2,D2,1578986500118,-64
b2,C4,1578986500119,-76
b2,E9,1578986500120,-64
b2,E10,1578986500124,-55
b2,E11,1578986500129,-63
b2,Bed10,1578986500135,-76
b2,Bed2,1578986500136,-82
b2,E8,1578986500145,-86
b2,C3,1578986500592,-77
b2,Bed4,1578986500617,-62
b2,E14,1578986500620,-80
b2,C4,1578986500623,-78
b2,E9,1578986500623,-67
b2,E10,1578986500628,-70
b2,E11,1578986500634,-72
b2,E8,1578986500649,-78
b2,A2,1578986501040,-74
b2,C3,1578986501097,-72
b2,E15,1578986501121,-65
b2,C4,1578986501126,-87
b2,E14,1578986501126,-71
b2,E9,1578986501127,-73
b2,D2,1578986501127,-71
b2,E11,1578986501138,-67
b2,Bed2,1578986501145,-89
b2,E8,1578986501153,-88
b2,A2,1578986501540,-72
b2,E14,1578986501626,-79
b2,D2,1578986501627,-59
b2,C4,1578986501628,-72
b2,E10,1578986501634,-51
b2,E11,1578986501638,-76
b2,Bed2,1578986501645,-82
b2,A2,1578986502047,-68
b2,C3,1578986502105,-74
b2,Bed4,1578986502130,-65
b2,E14,1578986502134,-75
b2,D2,1578986502135,-63
b2,E9,1578986502136,-77
b2,C4,1578986502136,-80
b2,E10,1578986502141,-55
b2,Bed10,1578986502151,-77
b2,Bed2,1578986502153,-82
b2,C3,1578986502609,-78
b2,Bed4,1578986502633,-66
b2,E15,1578986502634,-62
b2,D2,1578986502638,-63
b2,C4,1578986502639,-85
b2,E9,1578986502640,-77
b2,E11,1578986502649,-77
b2,Bed10,1578986502654,-85
b2,E10,1578986502659,-54
b2,E8,1578986502665,-82
b2,A2,1578986503054,-77
b2,Bed4,1578986503134,-78
b2,E15,1578986503135,-78
b2,C4,1578986503140,-82
b2,E9,1578986503141,-73
b2,E10,1578986503146,-59
b2,E11,1578986503152,-63
b2,Bed10,1578986503155,-74
b2,E8,1578986503166,-84
b2,A2,1578986503554,-67
b2,C3,1578986503612,-74
b2,E15,1578986503635,-68
b2,E14,1578986503640,-71
b2,E9,1578986503641,-67
b2,D2,1578986503641,-69
b2,E10,1578986503648,-70
b2,E11,1578986503652,-66
b2,Bed10,1578986503657,-74
b2,Bed2,1578986503659,-78
b2,E8,1578986503667,-79
b2,A2,1578986504055,-79
b2,C3,1578986504113,-74
b2,Bed4,1578986504138,-61
b2,E15,1578986504138,-64
b2,E14,1578986504142,-73
b2,D2,1578986504143,-63
b2,E9,1578986504144,-65
b2,C4,1578986504144,-74
b2,E10,1578986504148,-57
b2,E11,1578986504153,-66
b2,Bed2,1578986504161,-77
b2,E8,1578986504170,-81
b2,C3,1578986504619,-74
b2,E15,1578986504645,-71
b2,E14,1578986504648,-82
b2,D2,1578986504649,-56
b2,C4,1578986504650,-78
b2,E9,1578986504651,-64
b2,E10,1578986504656,-59
b2,E11,1578986504660,-63
b2,Bed10,1578986504665,-69
b2,E8,1578986504676,-82
b2,C3,1578986505125,-82
b2,Bed4,1578986505149,-73
b2,E15,1578986505151,-60
b2,E14,1578986505154,-78
b2,C4,1578986505156,-72
b2,E9,1578986505157,-66
b2,E10,1578986505161,-65
b2,Bed10,1578986505170,-73
b2,Bed2,1578986505173,-83
b2,E8,1578986505182,-77
b2,A2,1578986505571,-74
b2,C3,1578986505628,-76
b2,Bed4,1578986505651,-70
b2,E15,1578986505652,-62
b2,E14,1578986505656,-73
b2,C4,1578986505657,-82
b2,E9,1578986505657,-67
b2,D2,1578986505658,-59
b2,E11,1578986505669,-65
b2,E8,1578986505684,-77
b2,A2,1578986506081,-71
b2,C3,1578986506137,-68
b2,Bed4,1578986506161,-63
b2,E14,1578986506166,-74
b2,E9,1578986506167,-66
b2,D2,1578986506168,-58
b2,E11,1578986506179,-67
b2,E8,1578986506193,-81
b2,A2,1578986506590,-73
b2,C3,1578986506647,-68
b2,E15,1578986506672,-78
b2,E14,1578986506676,-78
b2,E9,1578986506677,-64
b2,C4,1578986506677,-89
b2,D2,1578986506678,-57
b2,E11,1578986506689,-65
b2,Bed2,1578986506695,-80
b2,E8,1578986506703,-81
b2,E11,1578986507192,-69
b2,Bed10,1578986507197,-84
b2,Bed2,1578986507200,-88
b2,A2,1578986507596,-67
b2,C3,1578986507654,-79
b2,Bed4,1578986507679,-69
b2,E14,1578986507683,-78
b2,D2,1578986507684,-73
b2,E9,1578986507686,-59
b2,E10,1578986507690,-67
b2,E11,1578986507695,-71
b2,Bed10,1578986507700,-85
b2,Bed2,1578986507702,-81
