accX,accY,accZ,magX,magY,magZ,gyroX,gyroY,gyroZ,timeStamp,sysTime
-15616,7296,1664,-12544,-784,4224,-39,123,11,36806,1540453589066
-15424,7360,1472,-12608,-800,4208,-46,118,-16,36826,1540453589068
-15616,7424,1600,-12560,-800,4240,-27,130,39,36846,1540453589071
-15424,7296,1600,-12544,-800,4240,-25,148,16,36866,1540453589112
-15360,7040,1536,-12560,-752,4224,-36,141,26,36886,1540453589115
-15552,6848,1600,-12592,-784,4240,-48,156,4,36906,1540453589165
-14848,7360,1408,-12608,-784,4288,-32,138,26,36926,1540453589216
-14976,7552,1472,-12560,-752,4240,-23,127,29,36946,1540453589218
-14976,7232,1408,-12608,-800,4224,-10,135,-12,36966,1540453589221
-15104,7232,1472,-12576,-784,4192,-12,124,-66,36986,1540453589226
-14912,7232,1344,-12544,-784,4272,-27,115,-65,37006,1540453589265
-15168,7168,1344,-12576,-752,4208,-23,108,-18,37026,1540453589269
-15424,7360,1664,-12544,-704,4304,-18,106,-2,37046,1540453589272
-15360,7040,1536,-12512,-720,4208,-11,92,-16,37066,1540453589316
-15488,7296,1408,-12560,-752,4288,-13,137,-35,37086,1540453589318
-15488,7104,1344,-12512,-768,4192,-16,104,-46,37106,1540453589322
-15424,7040,1472,-12496,-640,4272,-22,140,-31,37126,1540453589419
-15296,7168,1536,-12512,-752,4208,-22,123,-37,37146,1540453589421
-15424,7296,1472,-12464,-656,4240,-30,133,11,37166,1540453589470
-15360,7232,1408,-12512,-752,4208,-24,130,-5,37186,1540453589472
-15168,7232,1344,-12512,-672,4256,-21,129,-2,37206,1540453589475
-15168,7040,1472,-12528,-720,4240,-27,126,-29,37226,1540453589479
-15040,7104,1472,-12496,-608,4304,-18,99,-21,37246,1540453589482
-15616,7424,1536,-12480,-688,4192,-15,127,-20,37266,1540453589520
-15424,7360,1280,-12496,-624,4240,-18,146,-59,37286,1540453589523
-15616,7296,1344,-12544,-736,4192,-4,153,-6,37306,1540453589574
-16448,7360,1280,-12528,-576,4224,-13,210,-15,37326,1540453589577
-15872,6912,1408,-12592,-720,4208,-19,222,-56,37346,1540453589580
-15616,6912,1152,-12528,-560,4256,-25,216,-88,37366,1540453589626
-15232,6656,1280,-12512,-704,4208,-62,209,-94,37386,1540453589629
-14784,6400,1408,-12560,-720,4272,-78,168,-89,37406,1540453589678
-14976,6528,1280,-12560,-752,4224,-76,155,-5,37426,1540453589681
-15040,6656,1344,-12544,-640,4272,-94,150,1,37446,1540453589686
-15168,6528,1152,-12560,-720,4208,-114,152,-60,37466,1540453589691
-15104,6848,1152,-12592,-672,4272,-134,138,-92,37486,1540453589728
-15168,7040,1216,-12576,-736,4224,-124,117,-69,37506,1540453589732
-15040,6784,1216,-12560,-800,4304,-113,125,-89,37526,1540453589783
-15040,6848,1472,-12560,-832,4192,-117,136,-107,37546,1540453589787
-14976,6784,1536,-12592,-816,4224,-132,90,-124,37566,1540453589791
-15232,7168,1280,-12560,-784,4224,-99,82,-65,37586,1540453589833
-15680,7360,1344,-12592,-848,4272,-94,125,-34,37606,1540453589885
-15552,7104,1216,-12576,-848,4192,-85,120,-153,37626,1540453589888
-15744,7040,1344,-12544,-896,4272,-82,164,-237,37646,1540453589892
-15680,6784,1280,-12560,-912,4240,-71,181,-291,37666,1540453589895
-15616,7040,1216,-12560,-928,4224,-39,204,-332,37686,1540453590043
-15936,6720,1344,-12560,-976,4192,-1,225,-295,37706,1540453590046
-15424,6656,1280,-12624,-960,4272,4,217,-314,37726,1540453590049
-15168,6464,1728,-12624,-1008,4208,20,228,-350,37746,1540453590053
-15360,6400,1536,-12592,-960,4272,19,203,-367,37766,1540453590056
-15488,6144,1728,-12624,-1024,4224,-9,199,-322,37786,1540453590058
-15552,5888,1728,-12624,-1072,4272,-5,197,-317,37806,1540453590063
-15680,5632,1792,-12624,-960,4352,-21,209,-375,37826,1540453590094
-15424,5696,1856,-12672,-1056,4320,-43,196,-449,37846,1540453590098
-15616,5440,2048,-12656,-1104,4368,-33,307,-444,37866,1540453590146
-16512,5184,1600,-12672,-1120,4320,-67,254,-494,37886,1540453590149
-16000,5184,1600,-12656,-1168,4400,-56,264,-609,37906,1540453590198
-16192,5312,1664,-12704,-1232,4288,-30,355,-637,37926,1540453590249
-16704,5184,2240,-12736,-1296,4416,-36,350,-552,37946,1540453590251
-16448,4736,1920,-12704,-1264,4368,-18,284,-466,37966,1540453590254
-16384,4672,2176,-12784,-1344,4432,-59,290,-497,37986,1540453590260
-16320,4288,2240,-12768,-1360,4352,-71,369,-627,38006,1540453590262
-16704,3584,2112,-12736,-1360,4448,-73,417,-700,38026,1540453590355
-16512,3776,2112,-12816,-1424,4400,-84,388,-678,38046,1540453590358
-16128,3712,2176,-12784,-1536,4528,-74,373,-560,38066,1540453590361
-16384,3136,2176,-12912,-1536,4496,-104,374,-565,38086,1540453590404
-16128,2752,2496,-12864,-1664,4560,-120,342,-555,38106,1540453590407
-16128,2816,2624,-12928,-1632,4512,-134,367,-500,38126,1540453590454
-16064,2496,2560,-12960,-1568,4592,-123,356,-417,38146,1540453590457
-16512,1920,2624,-12960,-1712,4512,-145,308,-349,38166,1540453590461
-16256,2176,2624,-12960,-1808,4608,-157,267,-298,38186,1540453590466
-16128,2304,2496,-12992,-1824,4528,-152,178,-196,38206,1540453590617
-16384,2112,2688,-12992,-1824,4608,-164,202,-175,38226,1540453590620
-16704,1856,2688,-12992,-1856,4592,-182,146,-165,38246,1540453590625
-16512,1984,2752,-13056,-1936,4576,-181,141,-92,38266,1540453590629
-16640,2112,3008,-13040,-1936,4528,-177,160,-52,38286,1540453590631
-16448,1920,2944,-12992,-2000,4608,-171,146,-81,38306,1540453590633
-16576,2240,3136,-13008,-1968,4576,-194,152,-97,38326,1540453590635
-16512,2048,2944,-13024,-2016,4640,-195,166,-114,38346,1540453590778
-16448,1984,3200,-13040,-1984,4576,-188,191,-235,38366,1540453590780
-16000,2048,3200,-12960,-2048,4640,-186,179,-326,38386,1540453590784
-16512,2368,3072,-13056,-2096,4624,-169,170,-288,38406,1540453590787
-16640,2304,3136,-13008,-2128,4656,-149,187,-213,38426,1540453590790
-16384,2112,3072,-12976,-2128,4624,-152,161,-226,38446,1540453590793
-16512,1664,3008,-12992,-2176,4656,-162,186,-244,38466,1540453590882
-16640,1728,3136,-13008,-2224,4624,-153,165,-250,38486,1540453590885
-16384,1856,3072,-13008,-2288,4672,-143,149,-194,38506,1540453590888
-16512,1792,3328,-13008,-2224,4640,-123,139,-129,38526,1540453590931
-16640,1792,3200,-12976,-2288,4688,-120,157,-101,38546,1540453590934
-16640,1664,3072,-13008,-2288,4640,-125,160,-83,38566,1540453590938
-16064,1792,3264,-13008,-2352,4672,-123,141,-166,38586,1540453590942
-16576,1920,3328,-13040,-2368,4784,-124,150,-93,38606,1540453590945
-16512,1792,3200,-12960,-2352,4672,-119,147,-94,38626,1540453591033
-16448,1728,3200,-13008,-2384,4768,-117,135,-73,38646,1540453591035
-16768,1856,3008,-13008,-2384,4736,-134,150,-51,38666,1540453591038
-16448,1920,3008,-13008,-2384,4720,-151,144,-38,38686,1540453591140
-16256,1856,3328,-12992,-2432,4688,-133,143,-48,38706,1540453591143
-16192,1920,3200,-13024,-2432,4752,-144,158,-79,38726,1540453591146
-16192,1920,3328,-13008,-2416,4704,-106,179,-153,38746,1540453591191
-16128,1984,3136,-12976,-2384,4768,-126,202,-133,38766,1540453591195
-16064,1472,3136,-12976,-2448,4688,-143,129,-104,38786,1540453591198
-16192,1472,3136,-12944,-2432,4848,-186,120,-20,38806,1540453591243
-16704,1600,3264,-12976,-2544,4704,-193,122,32,38826,1540453591245
-16768,2112,3008,-12992,-2512,4800,-175,107,0,38846,1540453591249
-16640,2560,2816,-13008,-2544,4720,-146,113,-1,38866,1540453591347
-16576,2624,2944,-13008,-2400,4784,-87,137,-7,38886,1540453591350
-16448,2432,3072,-13008,-2560,4704,-92,138,11,38906,1540453591354
-16384,2048,3136,-12928,-2448,4784,-95,158,-64,38926,1540453591358
-16192,1856,3392,-12960,-2560,4736,-93,215,-205,38946,1540453591362
-16512,1920,3200,-13008,-2576,4864,-91,190,-195,38966,1540453591365
-16704,2048,3136,-12960,-2560,4752,-88,178,-135,38986,1540453591397
-16960,1856,3136,-13008,-2496,4816,-121,212,-234,39006,1540453591401
-16832,1536,3520,-13024,-2592,4752,-105,230,-326,39026,1540453591405
-16576,2112,3328,-12928,-2576,4832,-108,189,-239,39046,1540453591408
-16640,1984,3392,-12976,-2656,4768,-100,205,-215,39066,1540453591412
-16640,1728,3456,-13040,-2736,4832,-73,176,-201,39086,1540453591416
-16896,1664,3584,-13024,-2720,4816,-92,307,-459,39106,1540453591503
-17088,1088,3904,-12960,-2752,4848,-93,385,-594,39126,1540453591604
-16768,960,3520,-12992,-2848,4880,-118,309,-529,39146,1540453591606
-16960,768,3648,-12992,-2880,4912,-130,361,-552,39166,1540453591610
-17280,256,3840,-12944,-2896,4848,-144,449,-662,39186,1540453591614
-16640,192,3584,-13024,-2976,4944,-141,397,-624,39206,1540453591760
-16128,64,3584,-12992,-3024,4896,-144,386,-615,39226,1540453591763
-16192,-384,3968,-12976,-3104,5008,-171,416,-609,39246,1540453591767
-15872,-576,3712,-12992,-3168,4976,-177,338,-616,39266,1540453591770
-15552,-448,4160,-12992,-3296,5056,-187,295,-574,39286,1540453591772
-15424,-960,4160,-13024,-3248,5040,-211,254,-487,39306,1540453591865
-14976,-1792,4480,-12992,-3392,5104,-279,211,-469,39326,1540453591868
-14976,-2304,4352,-13008,-3424,5120,-300,23,-438,39346,1540453591871
-15552,-1600,4480,-12960,-3520,5168,-257,-5,-351,39366,1540453591971
-16064,-1088,4352,-12896,-3584,5184,-217,73,-410,39386,1540453591974
-16128,-704,3584,-12880,-3632,5152,-204,-176,-440,39406,1540453591977
-23872,5440,4416,-12784,-3696,5136,-264,-316,995,39426,1540453592022
-16896,896,4928,-12816,-3632,5152,-302,-77,1453,39446,1540453592077
-16256,448,4608,-12944,-3568,5200,-424,-99,1748,39466,1540453592080
-14720,-128,4544,-12928,-3488,5120,-442,-3,1939,39486,1540453592178
-15616,1408,4608,-13168,-3280,5152,-304,78,557,39526,1540453592180
-18176,-512,6208,-13072,-3088,5232,-166,191,-750,39546,1540453592184
-17728,3712,2816,-13088,-3216,5168,-250,-352,-231,39566,1540453592188
-16448,-128,3648,-13008,-3200,5168,-209,-90,-570,39586,1540453592190
-16448,-704,3904,-12976,-3312,5104,-209,444,-853,39606,1540453592195
-11968,-2944,4480,-12992,-3456,5184,-85,1384,-2529,39626,1540453592281
-11968,-2944,-1344,-12912,-3552,5168,128,-469,-3213,39646,1540453592283
-15360,-2304,5312,-12688,-3696,5200,-200,-723,-776,39666,1540453592286
-16384,-1152,2560,-12416,-4032,5104,-372,-359,132,39766,1540453592291
-16320,-128,2688,-12368,-4064,5136,-321,-137,220,39786,1540453592330
-17472,0,3264,-12352,-4016,5056,-281,19,133,39806,1540453592333
-16512,-320,2432,-12368,-4096,5152,-293,10,209,39826,1540453592336
-16512,-256,2496,-12336,-4112,5072,-282,37,171,39846,1540453592340
-16000,-192,2496,-12384,-4112,5184,-231,30,116,39866,1540453592382
-16448,128,2496,-12352,-4144,5104,-174,28,150,39886,1540453592384
-17344,832,2240,-12336,-4128,5136,-26,140,387,39946,1540453592389
-17664,256,1536,-12400,-4080,5184,-242,75,-303,39986,1540453592432
-13312,-4096,576,-12400,-4128,5120,-236,-201,-120,40006,1540453592483
-16704,640,2304,-12304,-4096,5216,-63,95,513,40026,1540453592486
-17280,2240,2048,-12368,-4112,5136,-136,343,537,40046,1540453592489
-17600,-1536,2176,-12400,-4080,5168,-184,1303,-264,40066,1540453592492
-20800,-448,-640,-12496,-4080,5200,-287,947,-373,40086,1540453592496
-12160,64,3456,-12496,-4128,5280,-312,956,-49,40106,1540453592500
-16832,384,3136,-12544,-4192,5248,-305,978,-186,40126,1540453592534
-17472,-576,3200,-12672,-4224,5440,-382,747,-157,40146,1540453592538
-16000,-1920,4032,-12784,-4224,5568,-456,361,-213,40166,1540453592541
-16128,-1216,2752,-12720,-4304,5568,-467,417,-7,40186,1540453592545
-15168,768,3840,-12752,-4352,5696,-300,332,-82,40206,1540453592642
-16192,128,4224,-12832,-4400,5632,-213,366,-113,40226,1540453592645
-13952,256,4672,-12848,-4448,5760,-158,274,-2,40246,1540453592647
-17216,1024,4480,-12880,-4416,5728,-301,238,621,40266,1540453592744
-16384,640,4480,-12912,-4336,5776,-319,231,767,40286,1540453592747
-15296,1664,4288,-12960,-4384,5744,-140,170,692,40306,1540453592749
-16128,1856,4608,-13008,-4192,5792,-5,152,533,40326,1540453592754
-15552,1088,4224,-13088,-4240,5744,52,129,307,40346,1540453592797
-14720,384,3264,-13120,-4128,5776,88,-48,-121,40366,1540453592801
-16320,1408,3968,-13024,-4288,5728,85,-15,-90,40386,1540453592804
-16256,960,3648,-12976,-4032,5744,21,-54,56,40406,1540453592807
-16064,1728,3904,-13040,-4272,5680,19,-10,69,40426,1540453592814
-15616,576,3776,-12928,-4000,5696,30,-2,-179,40446,1540453592816
-15680,1152,3520,-12944,-4224,5632,-7,-77,-55,40466,1540453592903
-15168,640,3456,-12944,-4176,5632,-36,-136,-15,40486,1540453592907
-15360,768,3264,-12976,-4208,5552,-62,-149,-32,40506,1540453592910
-15616,1216,3904,-12848,-4240,5680,-66,-82,-38,40526,1540453592955
-15488,1216,3136,-12880,-4224,5536,-98,-78,-36,40546,1540453592958
-15680,1024,3136,-12800,-4080,5600,-109,33,51,40566,1540453592962
-16256,1472,3648,-12832,-4224,5552,-131,339,59,40586,1540453593063
-16576,1408,3648,-12880,-4224,5632,-141,476,25,40606,1540453593066
-17152,1344,3392,-12880,-4192,5552,-136,380,-66,40626,1540453593070
-17024,1664,3328,-12912,-4256,5680,-106,384,-197,40646,1540453593074
-16960,1536,3776,-12976,-4240,5632,-49,397,-409,40666,1540453593079
-16768,1792,3840,-12992,-4272,5728,-58,449,-356,40686,1540453593116
-16768,1024,4032,-12944,-4352,5648,-78,410,-240,40706,1540453593164
-16640,1408,4160,-12992,-4304,5744,-140,393,-64,40726,1540453593166
-17024,512,3648,-13008,-4368,5712,-127,412,-78,40746,1540453593170
-16768,3392,4416,-13056,-4368,5776,1,394,-185,40766,1540453593272
-16448,1408,4096,-13008,-4352,5728,-7,286,60,40786,1540453593275
-15616,2176,4416,-13088,-4400,5824,88,229,176,40806,1540453593278
-16064,2304,4928,-13056,-4288,5808,160,137,677,40826,1540453593282
-16832,2496,4480,-13104,-4304,5776,358,1734,837,40846,1540453593285
-15424,2880,5376,-13280,-4176,5728,-89,446,1034,40866,1540453593287
-13824,-320,2560,-13392,-4048,5840,-63,385,756,40886,1540453593372
-16192,2048,5184,-13472,-3968,5744,46,405,669,40906,1540453593375
-15680,2112,5120,-13552,-3904,5824,16,371,700,40926,1540453593377
-15360,1792,4864,-13616,-3744,5840,68,356,575,40946,1540453593381
-15616,3456,4992,-13696,-3728,5872,30,193,635,40966,1540453593384
-14976,2752,4672,-13712,-3728,5808,22,-396,606,40986,1540453593386
-14784,3200,3968,-13696,-3616,5808,114,-1029,532,41006,1540453593426
-14784,3456,4288,-13616,-3504,5632,-35,-3,459,41026,1540453593477
-16320,2688,5952,-13616,-3424,5664,16,-31,29,41046,1540453593528
-15360,3584,5184,-13616,-3488,5680,2,126,10,41066,1540453593530
-15040,3520,4352,-13632,-3472,5632,-68,134,86,41086,1540453593533
-15616,4288,4800,-13648,-3408,5680,-87,224,276,41106,1540453593538
-15680,4032,5248,-13664,-3440,5664,-38,289,249,41126,1540453593581
-15232,4544,5120,-13696,-3296,5712,-22,257,399,41146,1540453593583
-15168,4544,5056,-13728,-3264,5664,-16,243,379,41166,1540453593634
-15232,4160,4672,-13712,-3216,5712,-43,233,261,41186,1540453593686
-15040,4416,4864,-13792,-3280,5744,-6,170,202,41206,1540453593689
-14848,5504,5504,-13744,-3152,5760,41,169,438,41226,1540453593735
-14528,5184,5376,-13840,-3264,5696,54,141,648,41246,1540453593738
-15296,4736,4672,-13808,-3024,5712,28,103,610,41266,1540453593741
-15680,4736,4736,-13888,-3040,5680,-40,126,237,41286,1540453593744
-15552,4736,4928,-13920,-2832,5712,-38,127,-70,41306,1540453593748
-15104,5504,4736,-13920,-2976,5728,-12,90,-86,41326,1540453593840
-15296,5056,4608,-13856,-2784,5696,-48,76,-17,41346,1540453593843
-15296,4992,4672,-13856,-3024,5648,-104,101,-33,41366,1540453593846
-15296,4800,4416,-13888,-3024,5712,-82,79,-261,41386,1540453593849
-15360,4800,4928,-13872,-3056,5632,-83,131,-247,41406,1540453593853
-15680,5504,4800,-13824,-3072,5744,-61,194,-457,41426,1540453593892
-15168,4224,4800,-13808,-3120,5680,-94,244,-409,41446,1540453593942
-15296,5056,5120,-13776,-3088,5760,-67,208,-393,41466,1540453593946
-15040,5312,4864,-13840,-3184,5696,-116,198,-194,41486,1540453593950
-15872,5504,4736,-13856,-3264,5792,-112,204,-125,41506,1540453593955
-15552,5440,4992,-13824,-3312,5728,-95,238,-20,41526,1540453593958
-16000,5120,5248,-13840,-3248,5792,-56,265,-127,41546,1540453593994
-16256,5504,5632,-13840,-3264,5728,44,260,-445,41566,1540453593998
-13696,3904,6272,-13856,-3328,5808,157,2,-580,41586,1540453594003
-13888,4160,5184,-13776,-3312,5808,147,-89,-522,41606,1540453594006
-15168,3328,4352,-13728,-3376,5760,57,-21,-485,41626,1540453594092
-15424,3456,4352,-13712,-3456,5712,31,5,-399,41646,1540453594094
-15872,4416,4160,-13680,-3440,5712,52,103,-322,41666,1540453594096
-15808,4288,4160,-13616,-3504,5696,11,105,-184,41686,1540453594146
-16064,3904,4416,-13632,-3456,5712,-36,95,-99,41706,1540453594149
-16128,3584,4608,-13616,-3440,5712,-75,137,-8,41726,1540453594153
-15616,3968,4864,-13632,-3472,5680,-79,78,81,41746,1540453594250
-15616,4096,4928,-13664,-3488,5616,-60,95,147,41766,1540453594253
-15872,4224,4480,-13616,-3520,5696,-77,83,138,41786,1540453594298
-15936,4224,4864,-13664,-3456,5728,-70,142,94,41806,1540453594302
-15552,4160,5120,-13680,-3504,5728,-44,69,139,41826,1540453594348
-15360,4032,5440,-13600,-3392,5664,-8,26,172,41846,1540453594352
-15104,3456,5248,-13680,-3472,5664,36,-17,138,41866,1540453594355
-15168,3648,4736,-13648,-3408,5680,50,75,-44,41886,1540453594360
-15232,4480,3968,-13664,-3424,5616,25,90,60,41906,1540453594404
-14976,4544,4032,-13584,-3344,5664,17,11,181,41926,1540453594407
-15168,4160,4224,-13648,-3472,5632,26,-26,217,41946,1540453594412
-15808,3840,4224,-13632,-3200,5632,15,2,105,41966,1540453594415
-15552,4608,4160,-13616,-3328,5584,30,50,27,41986,1540453594510
-15424,4352,4160,-13520,-3264,5584,15,60,6,42006,1540453594513
-15296,4160,4288,-13600,-3392,5536,-33,2,74,42026,1540453594515
-15040,3648,4480,-13536,-3184,5616,-118,-19,205,42046,1540453594662
-16256,3904,4864,-13600,-3280,5520,-213,-50,372,42066,1540453594665
-18432,5760,5952,-13632,-3312,5440,-66,291,134,42106,1540453594668
-16384,4544,4032,-13472,-3184,5536,58,408,-557,42126,1540453594713
-14784,5632,3904,-13616,-3344,5552,93,393,-443,42146,1540453594716
-13952,5632,3968,-13584,-3280,5600,109,183,-75,42166,1540453594721
-13696,4480,3584,-13600,-3376,5552,84,-112,64,42186,1540453594725
-14592,3968,4480,-13552,-3312,5584,126,-105,-193,42206,1540453594727
-15552,4032,4160,-13552,-3296,5440,137,-47,-201,42226,1540453594731
-16576,3712,3904,-13488,-3360,5488,42,-58,-42,42246,1540453594734
-16320,4096,3840,-13504,-3328,5440,-32,-31,109,42266,1540453594737
-16320,4096,3904,-13552,-3200,5456,-28,-8,56,42286,1540453594814
-16128,4288,3904,-13552,-3328,5376,16,96,-177,42306,1540453594818
-16448,4800,4096,-13472,-3296,5456,33,204,-352,42326,1540453594823
-16256,4032,3904,-13488,-3328,5376,-34,184,-166,42346,1540453594971
-16000,3840,4096,-13488,-3376,5376,-59,215,-235,42466,1540453594973
-16064,3584,3712,-13504,-3424,5440,-86,257,-368,42486,1540453594976
-15808,3584,3776,-13456,-3440,5424,-65,278,-332,42506,1540453594980
-15168,3840,4224,-13504,-3456,5504,-84,198,-165,42526,1540453594983
-15104,3712,4096,-13456,-3472,5440,-75,154,-121,42546,1540453595020
-15104,3648,4288,-13424,-3504,5536,-98,87,-28,42566,1540453595023
-15680,3776,4160,-13456,-3504,5440,-103,82,-44,42586,1540453595075
-16256,3520,3840,-13440,-3520,5520,-116,108,-80,42606,1540453595079
-16512,3904,3648,-13408,-3552,5536,-124,136,-72,42626,1540453595082
-16384,3712,3520,-13456,-3568,5536,-123,173,-111,42646,1540453595087
-16320,3776,3648,-13440,-3584,5504,-97,196,-170,42666,1540453595089
-15744,3264,3072,-13440,-3568,5552,-122,176,-289,42686,1540453595127
-16064,3648,3648,-13424,-3632,5520,-125,138,-223,42706,1540453595179
-15360,3904,3904,-13424,-3632,5536,-87,131,-148,42726,1540453595231
-15488,3904,3904,-13376,-3552,5552,-28,94,-32,42746,1540453595233
-15808,4096,3968,-13424,-3664,5536,-15,102,-12,42766,1540453595236
-15744,3904,3968,-13376,-3712,5504,3,112,-13,42786,1540453595281
-15680,3968,4032,-13424,-3648,5520,-36,99,48,42806,1540453595284
-15936,4160,4224,-13312,-3536,5568,-48,100,144,42826,1540453595287
-15744,4416,4352,-13360,-3600,5520,-54,45,274,42846,1540453595292
-16256,4416,4224,-13504,-3632,5520,-42,55,268,42866,1540453595381
-16320,4608,4032,-13392,-3552,5472,-30,44,231,42886,1540453595384
-16128,4736,4224,-13408,-3552,5504,40,73,214,42906,1540453595389
-16000,4608,3904,-13456,-3520,5440,81,105,158,42926,1540453595533
-15552,4608,4032,-13392,-3296,5488,114,123,167,42946,1540453595535
-15424,4544,4160,-13440,-3472,5472,118,105,206,42966,1540453595538
-15424,4480,4160,-13488,-3424,5440,122,75,183,42986,1540453595543
-15424,4416,4224,-13456,-3392,5408,121,57,197,43006,1540453595547
-15488,4480,4288,-13520,-3360,5440,122,43,223,43026,1540453595550
-15232,4672,4288,-13504,-3312,5344,159,26,167,43046,1540453595552
-14848,4480,4352,-13472,-3184,5408,187,-4,160,43066,1540453595640
-15744,4544,4032,-13504,-3216,5264,182,-16,104,43086,1540453595643
-15936,3968,3840,-13424,-3264,5392,176,-59,-14,43106,1540453595646
-15936,4288,3648,-13440,-3152,5280,162,-99,29,43126,1540453595650
-16256,4288,3328,-13424,-3120,5264,180,-70,29,43146,1540453595747
-17280,3776,2944,-13408,-3088,5248,222,104,-129,43186,1540453595797
-16960,3072,2880,-13408,-3072,5152,156,101,-137,43206,1540453595799
-16000,3072,3008,-13376,-3056,5248,76,121,-100,43226,1540453595802
-14784,3072,3456,-13376,-3056,5104,-35,91,0,43246,1540453595806
-15488,4608,4224,-13392,-3056,5216,-127,51,101,43306,1540453595811
-16448,4736,3584,-13360,-3040,5104,-45,88,-75,43326,1540453595814
-17152,4864,3712,-13424,-3056,5136,23,145,-135,43346,1540453595848
-17024,4928,3712,-13344,-3088,5120,73,156,-104,43366,1540453595852
-16512,4672,3584,-13360,-3088,5168,117,140,-87,43386,1540453595902
-16384,4480,3520,-13328,-3056,5120,101,135,-105,43406,1540453595955
-16064,3904,3456,-13392,-3040,5168,101,127,-135,43426,1540453595960
-15744,3968,3520,-13248,-3024,5120,35,108,-110,43446,1540453595964
-15488,3904,3392,-13360,-3056,5152,30,131,-92,43466,1540453596010
-15488,4096,3712,-13360,-3040,5120,34,129,-72,43486,1540453596014
-15872,4544,4160,-13328,-2912,5120,30,151,-73,43526,1540453596018
-16512,4416,3712,-13296,-2880,5120,34,235,-57,43566,1540453596061
-16512,4224,3200,-13360,-3024,5136,29,269,-37,43586,1540453596063
-16064,3392,2624,-13312,-2944,5168,-31,258,-72,43606,1540453596068
-15616,4224,3072,-13360,-3008,5136,-68,216,109,43626,1540453596072
-15616,4544,3328,-13360,-2928,5184,-39,199,85,43646,1540453596075
-15872,4608,3456,-13392,-3040,5200,8,201,81,43666,1540453596168
-15680,4736,3520,-13440,-2912,5200,52,176,76,43686,1540453596171
-15488,4416,3264,-13424,-2944,5152,34,184,84,43706,1540453596176
-15232,4416,3520,-13376,-2928,5184,17,154,62,43726,1540453596181
-14912,4352,3648,-13392,-2928,5184,9,152,104,43746,1540453596183
-14976,4608,3904,-13440,-2832,5248,2,142,144,43766,1540453596186
-15744,4800,3840,-13456,-2912,5200,3,161,186,43786,1540453596268
-17600,6336,4032,-13440,-2848,5168,1,139,267,43806,1540453596270
-15744,4480,3584,-13456,-2848,5104,-23,111,112,43826,1540453596274
-15744,4352,3712,-13440,-2800,5184,-34,112,86,43846,1540453596318
-15488,4352,3776,-13456,-2816,5168,-40,94,92,43866,1540453596321
-15936,4224,3776,-13456,-2848,5152,-44,95,88,43886,1540453596324
-16256,4224,3712,-13456,-2832,5136,-5,104,40,43906,1540453596368
-16704,4224,3712,-13472,-2816,5136,-15,113,-5,43926,1540453596372
-16576,3968,3584,-13456,-2784,5120,-23,148,-49,43946,1540453596374
-16256,3776,3776,-13440,-2768,5184,-49,151,-42,43966,1540453596420
-16000,3776,3648,-13488,-2752,5136,-101,202,-19,43986,1540453596522
-15872,3648,3776,-13472,-2800,5200,-157,220,-25,44006,1540453596526
-15872,3904,3840,-13472,-2800,5120,-217,240,4,44026,1540453596530
-15808,4032,3840,-13456,-2816,5168,-250,220,7,44046,1540453596534
-15744,4288,3776,-13536,-2832,5168,-272,227,15,44066,1540453596537
-15808,4288,3776,-13472,-2896,5248,-281,206,16,44086,1540453596540
-15680,4544,3840,-13504,-2912,5200,-267,179,57,44106,1540453596543
-15552,4736,3840,-13520,-2912,5232,-269,170,108,44126,1540453596572
-15488,4928,3584,-13536,-2944,5184,-269,175,161,44146,1540453596574
-14528,4288,3008,-13552,-2976,5296,-274,150,73,44166,1540453596577
-14656,4928,3904,-13504,-2864,5264,-286,174,64,44186,1540453596677
-14720,5760,4224,-13552,-2944,5344,-270,150,109,44206,1540453596680
-15104,6016,4160,-13568,-2976,5280,-251,117,63,44226,1540453596686
-15488,6080,4096,-13536,-2992,5328,-194,137,-14,44246,1540453596689
-16256,6272,3968,-13536,-3056,5264,-136,177,-33,44266,1540453596692
-16576,6080,3584,-13584,-3024,5328,-103,217,-101,44286,1540453596697
-16768,5504,3200,-13536,-2960,5328,-127,236,-164,44306,1540453596701
-16000,5120,3136,-13600,-3088,5424,-148,231,-101,44326,1540453596707
-14912,5248,3136,-13584,-3008,5344,-152,172,-49,44346,1540453596710
-14528,5440,3840,-13648,-3072,5408,-152,162,-23,44366,1540453596778
-14400,5568,4032,-13552,-3088,5408,-145,146,-6,44386,1540453596830
-14848,5696,4032,-13616,-3104,5408,-134,179,-46,44406,1540453596880
-15104,5888,4096,-13600,-3152,5424,-103,188,-113,44426,1540453596883
-14912,6016,4224,-13600,-3152,5488,-60,184,-105,44446,1540453596932
-14656,5952,4096,-13520,-2960,5440,-51,145,-97,44466,1540453596934
-14848,5568,3840,-13600,-3136,5488,-100,121,-60,44486,1540453596982
-14848,5312,3456,-13632,-3168,5424,-127,126,-10,44506,1540453596985
-14848,5632,3520,-13600,-3200,5424,-184,165,160,44526,1540453596988
-14080,5376,3264,-13584,-3072,5440,-95,79,-21,44546,1540453597033
-15872,6080,3712,-13552,-3200,5440,-35,80,-38,44566,1540453597037
-16000,5824,3520,-13520,-3200,5472,-9,108,-7,44586,1540453597083
-16128,5376,3392,-13600,-3184,5440,-30,140,7,44606,1540453597085
-16128,5056,3264,-13552,-3168,5408,-47,150,6,44626,1540453597186
-15680,4864,3264,-13616,-3168,5392,-83,158,44,44646,1540453597190
-15296,5056,3456,-13664,-3168,5424,-109,152,100,44666,1540453597194
-15168,4992,3712,-13584,-3200,5408,-135,134,96,44686,1540453597197
-14848,5120,3584,-13616,-3152,5472,-159,119,83,44706,1540453597200
-14592,5440,3840,-13584,-3184,5408,-150,111,64,44726,1540453597203
-14272,5632,3840,-13600,-3184,5424,-119,77,36,44746,1540453597205
-14016,5696,3904,-13616,-3184,5440,-66,29,38,44766,1540453597290
-14208,5824,3456,-13632,-3168,5472,-35,-62,3,44786,1540453597293
-14464,5696,3072,-13568,-3184,5408,-36,-98,4,44806,1540453597296
-14208,4480,2240,-13552,-3152,5440,-124,-104,-38,44826,1540453597299
-15680,5952,2944,-13472,-3136,5344,-111,-99,9,44846,1540453597394
-15168,5952,2688,-13472,-3168,5392,-84,-64,90,44866,1540453597445
-15296,6464,2688,-13520,-3184,5328,-77,-64,94,44886,1540453597495
-16192,6464,2688,-13424,-3168,5344,-70,-75,56,44906,1540453597498
-16384,6464,2944,-13472,-3152,5280,-35,-31,34,44926,1540453597501
-16384,6592,2880,-13472,-3120,5328,1,-22,46,44946,1540453597508
-16320,6656,2944,-13408,-3152,5232,37,-10,-11,44966,1540453597512
-16128,6528,3200,-13440,-3216,5296,79,-29,-25,44986,1540453597548
-15872,6336,3200,-13408,-3120,5200,89,-19,-85,45006,1540453597553
-15872,6016,3328,-13376,-3136,5248,91,11,-87,45026,1540453597597
-15680,6016,3456,-13344,-3104,5152,42,110,56,45046,1540453597599
-16192,6784,3456,-13392,-3136,5200,80,40,-39,45066,1540453597603
-16064,6016,3520,-13312,-3056,5136,69,66,-42,45086,1540453597704
-15936,5824,3264,-13376,-3136,5184,64,59,-8,45106,1540453597707
-15808,5888,3136,-13312,-3056,5120,64,73,-8,45126,1540453597711
-15872,5632,3008,-13312,-3056,5136,37,108,-17,45146,1540453597714
-15872,5888,2688,-13312,-3040,5104,15,150,9,45186,1540453597807
-15488,6016,2560,-13328,-2960,5104,11,123,57,45266,1540453597811
-15488,6016,2496,-13344,-2912,5056,41,136,40,45286,1540453597815
-15680,6080,2816,-13344,-2944,5152,53,116,42,45306,1540453597819
-15744,6016,2816,-13376,-2944,5104,58,142,38,45326,1540453597821
-15616,5824,2880,-13344,-2912,5104,46,152,29,45346,1540453597823
-15424,5888,2880,-13312,-2816,5088,24,189,72,45366,1540453597857
-15488,5760,3136,-13376,-2864,5088,-8,174,66,45386,1540453597861
-15424,6016,3072,-13328,-2896,5104,-32,162,99,45406,1540453597865
-15360,6272,3008,-13376,-2912,5088,-39,159,112,45426,1540453597913
-15680,6592,2944,-13408,-2864,5152,-21,170,110,45446,1540453597916
-15616,6656,2816,-13360,-2864,5104,0,173,82,45466,1540453597919
-15808,6720,2624,-13376,-2720,5120,41,179,24,45486,1540453597964
-15232,6656,2496,-13376,-2800,5104,61,157,-1,45526,1540453597967
-15104,6528,2560,-13472,-2832,5088,84,144,-20,45546,1540453598015
-14656,6080,2432,-13424,-2720,5120,94,19,-41,45606,1540453598018
-15104,6080,2560,-13392,-2720,5008,58,44,30,45626,1540453598024
-13888,5120,1984,-13392,-2688,5072,34,28,-41,45646,1540453598029
-15296,6272,2880,-13328,-2688,5024,58,32,-42,45666,1540453598032
-15424,6528,2688,-13344,-2656,5040,26,42,59,45686,1540453598035
-15552,5888,2624,-13312,-2688,5008,14,28,8,45706,1540453598040
-15360,6080,2816,-13328,-2688,4992,15,20,45,45726,1540453598044
-15232,6080,2816,-13344,-2704,4944,9,11,68,45746,1540453598066
-15232,6336,2880,-13296,-2688,4992,22,15,50,45766,1540453598070
-15232,6336,3072,-13328,-2640,5008,36,-8,70,45786,1540453598072
-15296,6784,2816,-13296,-2576,5008,73,-2,45,45806,1540453598174
-15360,6720,2816,-13312,-2560,4912,94,0,-97,45826,1540453598177
-15424,6336,2688,-13264,-2624,4944,84,-1,-37,45846,1540453598226
-15488,6656,2624,-13200,-2544,4848,63,2,22,45866,1540453598230
-15552,6528,2880,-13232,-2544,4896,37,23,-15,45886,1540453598234
-15808,6592,2560,-13184,-2576,4864,32,47,13,45906,1540453598278
-15744,6656,2240,-13232,-2496,4912,28,42,22,45926,1540453598281
-15808,6656,2304,-13184,-2448,4800,49,55,14,45946,1540453598285
-15744,6592,2368,-13216,-2464,4832,61,72,12,45966,1540453598328
-15616,6592,2304,-13152,-2528,4816,91,63,13,45986,1540453598330
-15488,6656,2304,-13200,-2416,4832,101,53,-6,46006,1540453598335
-15488,6464,2240,-13040,-2336,4720,84,56,-52,46026,1540453598340
-15424,6272,2176,-13152,-2432,4864,47,40,-43,46046,1540453598379
-15232,6080,1984,-13072,-2320,4816,12,56,-36,46066,1540453598381
-15104,6208,2112,-13104,-2400,4800,-2,37,-15,46086,1540453598385
-15104,6336,2240,-13072,-2352,4768,-8,36,9,46106,1540453598430
-15552,6464,2176,-13072,-2432,4752,-20,18,-29,46126,1540453598433
-15680,6592,2112,-12992,-2384,4752,-15,26,3,46146,1540453598437
-15680,6720,1984,-13088,-2400,4704,-27,21,43,46166,1540453598532
-15680,6656,1984,-13056,-2320,4768,-34,32,94,46186,1540453598535
-15936,6848,1920,-13120,-2336,4752,-27,69,65,46206,1540453598538
-16448,7040,2048,-13088,-2288,4752,25,117,-55,46226,1540453598542
-16704,7424,2048,-13088,-2352,4720,79,154,-110,46246,1540453598547
-16512,7488,2112,-13056,-2288,4720,116,201,-221,46266,1540453598550
-16384,7424,1920,-13104,-2368,4688,175,248,-264,46286,1540453598553
-16128,7296,2048,-13056,-2304,4736,217,272,-251,46306,1540453598557
-15680,6720,2048,-13072,-2352,4720,235,253,-245,46326,1540453598639
-15552,6400,2048,-13104,-2320,4720,203,245,-172,46346,1540453598641
-15488,6016,2048,-13040,-2320,4752,165,237,-109,46366,1540453598645
-14976,5376,2368,-13120,-2304,4752,128,216,-59,46386,1540453598691
-14464,5312,2496,-13104,-2304,4656,81,163,47,46406,1540453598696
-14400,5184,2560,-13104,-2224,4720,59,125,58,46426,1540453598700
-14528,4992,2560,-13088,-2256,4720,33,118,26,46446,1540453598703
-14976,5056,2432,-13040,-2240,4784,-1,73,-58,46466,1540453598706
-15040,5248,2496,-13136,-2240,4704,-46,91,-24,46486,1540453598743
-15232,5504,2624,-13104,-2224,4736,-67,55,-13,46506,1540453598748
-15424,5696,2624,-13104,-2288,4704,-70,10,-5,46526,1540453598751
-15744,5760,2496,-13072,-2240,4720,-66,4,8,46546,1540453598851
-16000,5888,2240,-13072,-2224,4672,-79,32,16,46566,1540453598854
-16192,6016,2240,-13008,-2240,4704,-103,72,12,46586,1540453598857
-16448,6336,2176,-13072,-2208,4608,-94,95,-46,46606,1540453598862
-16192,6592,2368,-13024,-2240,4704,-67,130,-75,46626,1540453598904
-16384,6336,2304,-13008,-2272,4656,-41,146,-111,46646,1540453598906
-16320,6336,2240,-13008,-2272,4704,-34,157,-125,46666,1540453598910
-16000,6208,2240,-13040,-2320,4624,-36,163,-116,46686,1540453598916
-15744,6080,2752,-13008,-2272,4720,-31,154,-131,46706,1540453599063
-15936,5952,2560,-12944,-2320,4656,-29,171,-159,46726,1540453599114
-15872,5888,2432,-13088,-2304,4736,-33,192,-144,46746,1540453599116
-15744,5824,2560,-12992,-2256,4656,-63,214,-155,46766,1540453599120
-15616,6016,2496,-13040,-2352,4736,-43,227,-169,46786,1540453599222
-15488,6080,2560,-13024,-2272,4704,-51,243,-157,46806,1540453599224
-15424,6016,2496,-13040,-2384,4752,-18,239,-193,46826,1540453599228
-15616,6272,2624,-12992,-2288,4688,-1,203,-174,46846,1540453599231
-15488,6208,2432,-13072,-2400,4752,-4,202,-176,46866,1540453599275
-15808,6208,2368,-13136,-2448,4736,-7,196,-132,46886,1540453599278
-15936,6272,1984,-13056,-2416,4768,17,206,-131,46906,1540453599282
-16064,6016,2304,-13008,-2368,4720,57,191,-142,46926,1540453599327
-16256,5632,2176,-13120,-2400,4752,103,204,-217,46946,1540453599331
-16320,5632,2368,-12992,-2240,4752,112,202,-232,46966,1540453599335
-15936,5376,2560,-13104,-2432,4768,128,196,-236,46986,1540453599340
-15424,5120,2752,-13136,-2400,4784,128,186,-180,47006,1540453599344
-15168,4992,2624,-13088,-2384,4736,92,166,-115,47026,1540453599346
-15168,4608,2816,-13120,-2416,4736,63,150,-96,47046,1540453599431
-15616,4544,2688,-13120,-2432,4752,46,155,-149,47066,1540453599434
-15680,4672,2880,-13104,-2416,4704,40,161,-140,47086,1540453599437
-15872,4672,2944,-13104,-2368,4736,-8,171,-164,47106,1540453599440
-15680,4608,3136,-13104,-2416,4768,-10,172,-144,47126,1540453599444
-15424,4352,2944,-13072,-2400,4752,-28,155,-122,47146,1540453599447
-15744,4160,2816,-13136,-2416,4768,-71,162,-146,47166,1540453599451
-15808,4416,2944,-13088,-2368,4752,-76,151,-82,47186,1540453599454
-15680,4352,3072,-13104,-2432,4736,-78,105,-16,47206,1540453599457
-15488,4096,2816,-13072,-2464,4768,-102,81,-3,47226,1540453599539
-15680,4224,3008,-13040,-2480,4768,-132,73,43,47246,1540453599542
-16000,4160,2816,-13088,-2512,4752,-141,79,24,47266,1540453599545
-16064,4416,2944,-13136,-2448,4752,-124,81,46,47286,1540453599596
-16320,4736,3008,-13056,-2432,4688,-135,89,32,47306,1540453599599
-16256,4608,2944,-13040,-2480,4752,-116,79,5,47326,1540453599604
-16256,4672,2752,-13072,-2480,4720,-111,97,-6,47346,1540453599608
-16256,4800,3200,-13056,-2464,4752,-83,121,-23,47366,1540453599701
-16192,4928,2688,-13072,-2432,4768,-104,150,-6,47386,1540453599703
-16256,4800,2752,-12976,-2496,4768,-88,143,-44,47406,1540453599707
-15872,4928,2688,-13056,-2496,4704,-109,143,-20,47426,1540453599711
-15680,4864,3008,-13056,-2528,4800,-112,128,-13,47446,1540453599713
-16000,5056,3008,-12992,-2576,4704,-115,141,-42,47466,1540453599715
-16000,5120,3136,-13072,-2528,4768,-106,157,-35,47486,1540453599717
-16000,5056,2944,-13040,-2544,4720,-100,146,-41,47506,1540453599752
-16064,5312,2880,-13072,-2592,4768,-94,132,-11,47526,1540453599859
-15744,4928,2944,-13008,-2480,4688,-74,124,-10,47546,1540453599862
-15680,4928,2944,-13056,-2608,4768,-43,75,-123,47566,1540453599865
-15808,4608,2816,-12976,-2480,4704,-39,65,-193,47586,1540453599868
-15936,4608,2752,-13072,-2624,4768,-49,97,-239,47606,1540453599909
-16320,4544,2624,-12960,-2512,4720,-38,146,-419,47626,1540453599912
-17152,4352,2496,-13040,-2640,4784,-23,232,-573,47646,1540453599916
-17216,4480,2624,-12944,-2656,4720,-12,261,-527,47666,1540453599962
-16320,4224,3008,-13024,-2736,4816,-24,198,-342,47686,1540453599964
-15936,4096,3008,-12992,-2608,4688,-63,140,-198,47706,1540453599968
-15360,3648,2624,-12992,-2816,4784,-75,61,-32,47726,1540453600014
-15616,3456,2560,-12864,-2752,4720,-106,12,48,47746,1540453600017
-16064,3520,2688,-12928,-2800,4800,-102,0,204,47766,1540453600020
-16192,3840,2432,-12912,-2816,4752,-113,-32,231,47786,1540453600025
-16448,3456,2048,-12880,-2768,4800,-160,-4,127,47806,1540453600121
-17152,3392,1664,-12928,-2688,4704,-176,75,-32,47826,1540453600124
-16832,3904,1984,-12912,-2816,4720,-190,124,-26,47846,1540453600128
-15936,4160,2176,-12896,-2848,4736,-218,83,-33,47866,1540453600171
-15424,3968,2112,-12848,-2832,4784,-243,74,-77,47886,1540453600173
-15680,4416,2240,-12896,-2832,4736,-257,116,-152,47906,1540453600176
-16128,4608,2496,-12864,-2864,4784,-257,110,-125,47926,1540453600181
-16192,4800,2176,-12864,-2928,4736,-298,135,-98,47946,1540453600225
-16320,5056,1984,-12864,-2976,4800,-328,150,-73,47966,1540453600228
-16256,4992,2176,-12848,-3056,4752,-342,195,-20,47986,1540453600232
-16064,5056,1920,-12944,-3088,4768,-348,185,-10,48006,1540453600276
-16128,4992,2112,-12864,-3088,4800,-341,221,-60,48026,1540453600279
-15936,5056,1920,-12896,-3136,4832,-337,185,-35,48046,1540453600283
-16512,4928,2240,-12880,-3168,4896,-305,179,-55,48066,1540453600384
-16640,5056,2048,-12912,-3168,4880,-295,174,-93,48086,1540453600387
-16896,4672,1728,-12848,-3248,4944,-302,198,-169,48106,1540453600391
-16832,4480,1728,-12880,-3264,4928,-332,207,-203,48126,1540453600394
-16512,4160,1856,-12880,-3328,4944,-331,246,-233,48146,1540453600397
-16576,3968,1792,-12864,-3424,4976,-328,263,-258,48166,1540453600436
-16512,3264,1920,-12896,-3472,5008,-345,254,-382,48186,1540453600438
-16512,3136,1984,-12880,-3552,4944,-393,275,-425,48206,1540453600543
-16512,3008,1920,-12864,-3648,5072,-449,263,-366,48226,1540453600546
-16256,2560,2304,-12896,-3728,5024,-518,270,-383,48246,1540453600596
-15744,2432,2368,-12896,-3744,5136,-581,297,-375,48266,1540453600598
-15680,2176,2048,-12848,-3952,5152,-641,316,-428,48286,1540453600647
-20480,3456,2560,-12816,-3984,5248,-797,366,-32,48306,1540453600650
-19968,-2368,-1088,-12864,-4128,5296,-966,25,-159,48326,1540453600654
-20160,1920,4160,-12928,-4192,5424,-1134,854,51,48346,1540453600756
-16128,2816,2432,-12928,-4256,5456,-408,114,-1374,48366,1540453600759
-17152,6656,2944,-12912,-4416,5632,-312,455,-494,48386,1540453600762
-17152,4096,1664,-12864,-4496,5552,-328,396,-322,48406,1540453600765
-16128,4224,2624,-12880,-4560,5664,-259,551,-981,48426,1540453600769
-16256,448,3328,-12768,-4560,5648,-90,511,-1548,48446,1540453600771
-13824,384,3328,-12752,-4720,5760,97,745,-1354,48466,1540453600774
-15744,3136,6016,-12624,-4672,5712,217,702,-1261,48486,1540453600806
-14976,1856,5568,-12640,-4928,5824,336,542,-1197,48506,1540453600809
-13888,1344,5376,-12560,-4864,5728,414,306,-1265,48526,1540453600813
-14144,576,4864,-12480,-4944,5824,535,241,-1341,48546,1540453600816
-15744,1472,5184,-12352,-5056,5728,712,276,-1453,48566,1540453601018
-15424,448,4416,-12288,-5024,5728,765,220,-1382,48586,1540453601020
-15552,-384,3776,-12144,-4848,5584,779,88,-1180,48606,1540453601023
-15168,-2048,3328,-12048,-4992,5600,789,200,-1060,48626,1540453601070
-14912,-3072,2944,-11888,-4944,5440,758,42,-1150,48646,1540453601073
-14848,-4736,2752,-11824,-4960,5472,513,275,-1040,48666,1540453601076
-16192,-6976,3264,-11856,-4912,5472,578,206,-2580,48686,1540453601226
-15616,-4032,-5632,-11760,-4960,5440,-356,697,-44,48706,1540453601228
-13632,-8512,5696,-11744,-5024,5440,-43,498,-1239,48726,1540453601231
-11520,-10560,1216,-11696,-5104,5504,1,-112,-1461,48746,1540453601234
-14912,-7616,3136,-11552,-5184,5504,-61,600,-1584,48766,1540453601238
-13312,-9344,4928,-11584,-5248,5552,-87,841,-1611,48786,1540453601240
-12992,-7488,6208,-11472,-5376,5600,-183,1543,-1449,48806,1540453601280
-12032,-7680,5952,-11424,-5456,5696,-165,1969,-975,48826,1540453601283
-15680,-1344,4352,-11520,-5504,5728,80,-74,22,48846,1540453601287
-15936,-4416,8640,-11552,-5520,5696,-13,-3276,1492,48866,1540453601291
-11520,-4480,6656,-11440,-5408,5600,595,-71,540,48886,1540453601297
-12288,-5760,9408,-11440,-5360,5552,76,835,1397,48906,1540453601300
-14016,-11264,768,-11760,-5232,5568,-133,-199,595,48926,1540453601305
-16448,-7040,5312,-11744,-5248,5616,-373,98,549,48946,1540453601310
-19200,-3648,5504,-11824,-5232,5584,-359,177,403,48966,1540453601313
-16384,64,5632,-12000,-5216,5680,-271,1,1439,49006,1540453601328
-16704,-512,4416,-12080,-5216,5712,-412,-517,2201,49026,1540453601380
-16768,-3008,4544,-12192,-5088,5680,-393,-501,1912,49046,1540453601383
-16000,-1088,3392,-12368,-4912,5584,-248,-923,1700,49066,1540453601386
-16960,-320,3648,-12352,-4880,5648,-135,-935,1771,49086,1540453601391
-17856,-1216,3392,-12400,-4752,5488,52,-481,1032,49106,1540453601396
-17600,-1600,2880,-12544,-4720,5536,70,-105,676,49126,1540453601399
-17024,-640,1856,-12416,-4656,5360,7,-184,402,49146,1540453601402
-17920,832,1984,-12448,-4704,5488,-46,-131,543,49166,1540453601406
-15360,-320,2240,-12432,-4544,5344,-131,-43,476,49186,1540453601431
-15808,-128,1664,-12464,-4736,5440,-143,-253,291,49206,1540453601435
-15616,320,2240,-12480,-4656,5376,-53,-223,125,49226,1540453601481
-15808,192,2112,-12480,-4912,5408,116,-119,74,49246,1540453601532
-15808,-640,2176,-12480,-5008,5344,179,31,87,49266,1540453601535
-15936,-960,1856,-12512,-5008,5376,128,-76,307,49286,1540453601538
-15936,-960,2624,-12512,-4896,5328,-55,-85,143,49306,1540453601541
-15360,-2240,2560,-12608,-5136,5376,-366,-77,-352,49326,1540453601584
-14528,-1856,1984,-12688,-5328,5360,-518,-359,-373,49346,1540453601586
-15616,-512,1856,-12656,-5520,5488,-461,-533,-404,49366,1540453601638
-15296,-704,2560,-12576,-5568,5408,68,-570,-60,49386,1540453601641
-16064,-384,3072,-12656,-5744,5488,326,-104,357,49406,1540453601645
-16512,-1088,2560,-12784,-5840,5408,350,87,298,49426,1540453601691
-17216,-2240,2048,-12896,-5824,5456,239,49,118,49446,1540453601695
-17664,-2944,1792,-13008,-5856,5504,359,224,25,49466,1540453601742
-17664,-1024,1984,-13104,-5872,5520,302,630,-85,49486,1540453601745
-17600,-512,1536,-13216,-5920,5552,122,520,-262,49506,1540453601748
-16704,-960,1472,-13360,-5968,5680,4,255,-333,49526,1540453601843
-17088,-1280,2368,-13376,-5936,5760,-76,333,-321,49546,1540453601845
-17024,-1664,2688,-13392,-6112,5952,-98,276,-327,49566,1540453601848
-16768,-1984,2944,-13392,-6080,6016,-129,295,-390,49586,1540453601851
-15936,-1792,3264,-13312,-6080,6112,-96,328,-512,49606,1540453601896
-16640,-1728,2880,-13152,-6080,6224,-122,371,-562,49626,1540453601899
-15744,-2368,3264,-13088,-6016,6320,-272,316,-692,49646,1540453601902
-16320,-3072,3264,-12832,-6016,6368,-304,164,-586,49666,1540453601947
-16256,-3008,3328,-12736,-5968,6336,-244,194,-252,49686,1540453601950
-16704,-2432,3008,-12528,-5840,6336,-349,430,-74,49706,1540453601954
-16448,-2688,2368,-12464,-5792,6352,-448,313,-183,49726,1540453601958
-15104,-2112,2176,-12352,-5712,6336,-453,262,-372,49746,1540453601999
-16192,-1600,2624,-12384,-5680,6368,-121,203,-263,49766,1540453602002
-16640,-1664,3136,-12208,-5664,6336,-13,663,281,49786,1540453602048
-15680,-1216,3264,-12208,-5632,6352,-278,1303,699,49806,1540453602053
-14528,-2944,4736,-12352,-5552,6384,-475,1520,1064,49826,1540453602055
-14336,-2304,4416,-12464,-5472,6464,-603,1582,1547,49846,1540453602098
-16000,-3072,5952,-12688,-5360,6624,-1265,2595,1515,49866,1540453602100
-13824,-1856,7040,-13072,-5248,6912,-2615,4033,1706,49886,1540453602151
-14016,896,6784,-13312,-5200,7280,-3289,3877,2330,49906,1540453602154
-14272,1600,6144,-13872,-5168,7952,-5184,787,2997,49926,1540453602157
-4736,-1600,3008,-14032,-5088,8336,-2862,2211,64,49946,1540453602201
-12800,24960,-8832,-14208,-5200,8512,2880,-2604,-1042,49966,1540453602205
-16384,3712,2560,-14048,-5120,8208,914,-4082,-401,49986,1540453602252
-17920,2368,10688,-13776,-5088,7520,714,-3222,54,50006,1540453602306
-16960,3776,6080,-13664,-4960,7392,337,-1957,249,50026,1540453602309
-13760,3008,7616,-13536,-5008,7040,314,426,70,50046,1540453602361
-15232,3136,2944,-13584,-4896,7120,-827,-308,-333,50066,1540453602365
-16064,4160,5824,-13440,-4864,7008,-204,-566,-273,50086,1540453602370
-15680,3520,4736,-13488,-4960,7024,-63,-177,-474,50106,1540453602376
-14656,3712,4672,-13424,-4992,6896,72,70,-647,50126,1540453602381
-14656,3520,4608,-13408,-4960,6896,103,120,-681,50146,1540453602386
-15232,3520,4736,-13312,-4976,6736,159,204,-800,50166,1540453602391
-15552,2432,2624,-13280,-5024,6752,-94,-354,-1643,50186,1540453602522
-14656,2496,2624,-13040,-5088,6576,-357,-722,-1470,50206,1540453602525
-16832,4224,3904,-12912,-5264,6592,-179,-183,-1150,50226,1540453602528
-16000,3776,2880,-12768,-5424,6480,-404,1176,-2070,50246,1540453602531
-16832,1920,2688,-12672,-5536,6576,-153,2103,-2510,50266,1540453602535
-14976,2432,2880,-12496,-5760,6608,179,1779,-169,50286,1540453602626
-16128,2240,3392,-12592,-5744,6704,47,1878,90,50306,1540453602629
-17728,320,4096,-12752,-5664,6832,-158,1048,298,50326,1540453602632
-19392,320,3008,-12848,-5744,6928,38,94,909,50346,1540453602678
-17664,1024,3840,-13008,-5664,6784,150,70,839,50366,1540453602681
-15104,1280,4160,-13056,-5568,6864,198,965,-214,50386,1540453602685
-14400,-1280,4288,-13152,-5568,6816,308,1358,-420,50406,1540453602688
-15424,320,5312,-13200,-5536,6944,-24,2110,-756,50426,1540453602839
-16704,-1216,6528,-13280,-5616,7072,-203,2849,-118,50446,1540453602842
-16768,896,7104,-13312,-5600,7296,-133,3559,1311,50466,1540453602845
-16704,-128,7488,-13712,-5536,7632,-420,2877,1675,50486,1540453602849
-9536,-2240,12608,-13888,-5424,7856,-717,1180,1149,50506,1540453602853
-10752,-3584,13760,-14128,-5312,8016,-754,772,579,50526,1540453602855
-10496,-1728,12288,-14192,-5280,8144,-898,1061,272,50546,1540453602857
-11136,64,11328,-14304,-5280,8320,-1218,1220,66,50566,1540453602861
-10496,768,11776,-14352,-5296,8576,-1158,1047,-548,50586,1540453602943
-12800,6144,11136,-14288,-5440,8688,-251,-49,-239,50606,1540453602946
-12480,3776,9728,-14288,-5392,8768,47,8,-119,50626,1540453602949
-9792,3264,9792,-14288,-5424,8688,461,-490,-74,50646,1540453603044
-9920,1664,10816,-14208,-5488,8528,483,-934,0,50666,1540453603047
-11008,896,11904,-14176,-5408,8416,170,-1510,419,50686,1540453603049
-13440,1728,11392,-14224,-5360,8128,-35,-1734,472,50706,1540453603094
-10944,1856,10048,-14176,-5328,8016,-17,-1510,178,50726,1540453603097
-13312,3200,8448,-14160,-5280,7776,84,-997,-3,50746,1540453603100
-15552,3904,7360,-14096,-5248,7728,166,-824,157,50766,1540453603146
-15232,4288,9472,-14064,-5216,7536,-17,-1128,197,50786,1540453603150
-14656,5760,7616,-13952,-5200,7456,113,-1057,163,50806,1540453603154
-16320,5632,6272,-13920,-5120,7232,244,-383,324,50826,1540453603158
-14656,6080,5952,-13904,-5152,7248,501,-399,181,50846,1540453603164
-14784,4288,7552,-14000,-5056,7024,390,-392,357,50866,1540453603167
-16256,1024,10240,-14000,-4992,7056,106,-712,463,50886,1540453603197
-14976,2752,7936,-13984,-4912,6832,81,-378,171,50906,1540453603199
-12672,3136,6144,-13872,-5024,6896,229,31,-150,50926,1540453603204
-14400,2560,7040,-13888,-4800,6800,338,-684,-59,50946,1540453603210
-15232,3456,6336,-13904,-5008,6736,259,-940,99,50966,1540453603214
-16064,3584,4928,-13776,-4784,6464,380,-1021,161,50986,1540453603218
-12544,3520,4544,-13680,-4928,6448,393,-825,-273,51006,1540453603249
-16128,1280,6208,-13488,-4800,6144,273,-1609,-200,51026,1540453603255
-16128,1280,3776,-13344,-4928,6128,429,-1291,-298,51046,1540453603298
-15808,1344,4288,-12944,-4816,5776,453,-941,-268,51066,1540453603301
-16320,704,4864,-12880,-5008,5776,355,-276,-735,51086,1540453603304
-11712,576,4864,-12512,-4928,5552,208,-622,-1001,51106,1540453603349
-14976,1600,4992,-12352,-4976,5600,371,-327,-835,51126,1540453603453
-16640,832,2240,-11968,-5040,5456,363,-113,-811,51146,1540453603456
-16064,1408,3968,-11824,-5072,5456,331,-173,-976,51166,1540453603459
-14400,1472,4096,-11344,-5024,5440,398,-60,-1276,51186,1540453603463
-14976,768,2560,-11040,-4976,5472,378,237,-1299,51206,1540453603467
-17664,-448,3904,-10512,-4912,5456,275,340,-926,51226,1540453603469
-19328,-1216,4416,-10336,-4848,5664,267,113,-556,51246,1540453603471
-18112,-1472,4160,-9856,-4592,6000,285,221,-391,51266,1540453603560
-17792,-1920,3904,-9696,-4480,6352,232,377,-346,51286,1540453603563
-16384,-1920,4032,-9440,-4160,6896,143,436,-341,51306,1540453603566
-17024,-1280,4416,-9328,-4096,7328,76,554,-170,51326,1540453603570
-16576,-1792,4096,-9152,-4000,7680,-20,701,-10,51346,1540453603573
-16448,-1408,4736,-8960,-3904,7824,-117,443,217,51366,1540453603609
-16064,-1344,5248,-8688,-3968,7984,-279,196,297,51386,1540453603713
-14272,-320,3520,-8336,-4032,7936,-53,327,-56,51406,1540453603716
-11712,-768,3648,-7504,-4368,6784,-285,843,-208,51426,1540453603719
-13696,-1984,5824,-7360,-5088,4304,-304,291,-198,51446,1540453603723
-14272,-1536,5632,-7984,-5520,3056,-309,68,-162,51466,1540453603763
-16192,-1536,3520,-8848,-5872,2096,-232,-19,-39,51486,1540453603766
-17536,-1152,3456,-10656,-6288,1136,-44,-219,114,51506,1540453603770
-18944,-704,2048,-11264,-6512,784,95,-54,237,51526,1540453603773
-18688,-640,3584,-12032,-6576,672,107,4,417,51546,1540453603917
-18240,-1216,4480,-12368,-6896,160,74,-57,517,51566,1540453603920
-16704,-1216,5312,-12368,-7104,-96,-50,-89,560,51586,1540453603923
-16704,-1152,4992,-11984,-7440,-688,-128,-95,673,51606,1540453603927
-16256,-384,4160,-11536,-7632,-832,-99,-252,662,51626,1540453604017
-15936,384,3712,-10224,-8064,-1280,-58,-437,459,51646,1540453604019
-15424,1408,2496,-9440,-8240,-1248,-6,-296,172,51666,1540453604021
-16512,512,2432,-7808,-8624,-1264,84,-138,266,51686,1540453604121
-15872,-320,4416,-7120,-9008,-1248,-12,-196,306,51706,1540453604124
-17408,-1280,5568,-6752,-9648,-1584,-210,-460,441,51726,1540453604126
-18432,-384,3264,-6512,-9728,-1488,-140,-438,583,51746,1540453604281
-17728,192,2624,-5632,-9904,-1328,-87,-92,592,51766,1540453604283
-17536,128,3200,-5040,-10064,-1072,-52,-101,668,51786,1540453604331
-16128,1024,3648,-3664,-10064,-256,-129,11,536,51806,1540453604334
-15872,1792,2304,-3088,-9904,176,-97,-63,425,51826,1540453604337
-14912,2496,2624,-2480,-10080,416,-171,-61,162,51846,1540453604387
-15424,2176,1728,-2448,-10208,464,-139,253,-78,51866,1540453604389
-13504,1344,3264,-2688,-10240,96,-394,914,-579,51886,1540453604392
-13504,448,3200,-3392,-10608,-512,-527,1104,-1087,51906,1540453604438
-13568,-576,2048,-5872,-11088,-2576,-373,1858,-1141,51926,1540453604440
-16192,-576,3712,-7280,-11360,-3648,-520,2446,-958,51946,1540453604545
-17216,-320,3712,-10416,-11728,-5600,-681,3097,-660,51966,1540453604548
-19008,0,4608,-11856,-11936,-6192,-820,1588,-281,51986,1540453604597
-23552,1600,12096,-13088,-11968,-6736,255,911,-179,52006,1540453604702
-15936,960,6272,-13232,-11920,-6768,-344,255,-435,52026,1540453604705
-13824,2176,7808,-13424,-11728,-6560,-431,56,-337,52046,1540453604708
-15168,640,6720,-13488,-11568,-6208,-653,-15,-366,52066,1540453604754
-14976,832,6784,-13680,-11296,-5008,-763,-119,-382,52086,1540453604756
-15104,1024,6656,-13504,-10928,-2816,-1074,-143,-285,52126,1540453604758
-17472,576,6912,-13328,-10800,-1936,-1641,-440,-832,52146,1540453604804
-14336,192,3072,-12672,-10544,48,-544,-1620,-539,52166,1540453604807
-19136,-1088,2432,-12336,-10496,560,-122,-1297,719,52186,1540453604809
-15680,-320,4416,-11776,-10560,528,141,-1472,553,52206,1540453604856
-16320,192,6336,-11488,-10512,608,-259,-495,196,52226,1540453604909
-14400,896,3392,-11024,-10416,768,8,3881,-146,52246,1540453604911
-9600,-2944,16128,-11696,-10880,880,-796,314,-592,52286,1540453604912
-14720,-768,7552,-11648,-10752,1312,-1180,616,-633,52306,1540453604914
-13760,6912,10368,-11024,-10096,4272,-3201,-37,-3982,52366,1540453604916
-15872,-8256,6144,-8944,-9200,4656,1976,-834,-92,52486,1540453604918
-15872,-7744,4160,-8544,-8640,4112,1433,-483,226,52506,1540453604920
-15104,-6144,3200,-8528,-8480,3984,943,-131,128,52526,1540453604922
-14784,-5952,3328,-8224,-8064,3712,826,-60,90,52546,1540453604964
-14080,-5632,4864,-8176,-7952,3648,476,26,83,52566,1540453604969
-14784,-6656,3776,-8016,-7392,3568,192,55,-102,52586,1540453604972
-16000,-7360,3136,-8000,-7328,3712,504,454,-5,52606,1540453604976
-18112,-6400,768,-7792,-6720,3792,737,222,-16,52626,1540453605015
-16512,-5760,2496,-7680,-6400,4000,702,321,-50,52646,1540453605019
-14784,-4800,2496,-7360,-5728,4256,846,174,542,52666,1540453605025
-15104,-6080,320,-7344,-5536,4544,1600,635,879,52686,1540453605029
-16320,-3328,2944,-7280,-5040,4656,817,-35,1246,52706,1540453605033
-16000,-6464,3008,-7312,-4896,4848,809,-108,1246,52726,1540453605038
-17024,-3392,-192,-7472,-4640,5200,781,176,1319,52746,1540453605040
-14144,-2176,1280,-7584,-4560,5440,156,62,803,52766,1540453605118
-15936,-3392,1472,-7680,-4560,5536,279,-68,1154,52786,1540453605121
-16000,-4672,128,-7792,-4560,5664,545,395,1370,52806,1540453605123
-18624,-3200,256,-8048,-4592,5520,747,764,1094,52826,1540453605125
-18624,-3200,256,-8128,-4544,5584,488,869,596,52846,1540453605128
-15680,-2176,2176,-8160,-4432,5440,147,861,233,52866,1540453605131
-13312,-4160,4032,-8176,-4400,5520,-229,924,-332,52886,1540453605168
-13440,-4160,4032,-8288,-4464,5232,-403,996,-384,52906,1540453605171
-14784,-4288,3520,-8368,-4464,5152,-360,942,-107,52926,1540453605174
-17408,-2752,1856,-8608,-4528,4944,-348,795,187,52946,1540453605221
-17088,-4992,3200,-8672,-4560,4944,-315,654,590,52966,1540453605223
-16320,-5888,4736,-8912,-4592,4880,-543,786,413,52986,1540453605277
-16256,-2560,3584,-9008,-4544,4976,-418,964,363,53006,1540453605280
-16128,-448,2816,-9216,-4688,5088,-284,912,166,53026,1540453605282
-14976,960,3200,-9264,-4688,5328,-429,979,330,53046,1540453605287
-14272,-768,5120,-9536,-4768,5520,-620,706,406,53066,1540453605291
-15040,-1024,5248,-9728,-4768,5776,-534,363,547,53086,1540453605328
-15296,320,4416,-10032,-4816,5728,-203,317,631,53106,1540453605331
-16768,-64,5568,-10192,-4896,5904,-398,256,724,53126,1540453605378
-16128,512,5632,-10256,-4976,6064,-280,404,234,53146,1540453605429
-15040,832,5184,-10304,-5024,6224,-154,294,-76,53166,1540453605432
-14784,-896,5952,-10320,-5072,6192,3,209,-89,53186,1540453605436
-16256,-1856,6144,-10432,-5088,6032,172,176,89,53206,1540453605481
-16128,0,4800,-10464,-5024,6032,381,289,136,53226,1540453605484
-15936,192,5184,-10512,-4864,5840,417,228,110,53246,1540453605487
-14464,-128,5632,-10512,-4912,5744,352,227,-193,53266,1540453605531
-15616,-960,5248,-10464,-4816,5424,219,247,-140,53286,1540453605533
-15680,-1728,6528,-10496,-4736,5376,84,156,-74,53306,1540453605582
-15296,-896,5440,-10496,-4576,5200,63,67,84,53326,1540453605585
-15616,-128,5888,-10512,-4672,5120,-28,-117,223,53346,1540453605588
-15168,256,5440,-10448,-4448,4976,-39,-104,184,53366,1540453605592
-14464,256,5568,-10480,-4704,5056,-142,-143,116,53386,1540453605634
-14400,-960,5696,-10496,-4608,4928,-242,-207,131,53406,1540453605636
-15616,-704,5504,-10544,-4656,4944,-351,-160,22,53426,1540453605687
-17152,-448,5056,-10480,-4656,4928,-324,-96,13,53446,1540453605690
-16448,-320,4864,-10608,-4736,4976,-253,27,-107,53466,1540453605792
-16256,-1216,5120,-10608,-4720,5104,-151,59,-19,53486,1540453605795
-16640,-2176,6016,-10544,-4800,5184,-294,102,251,53506,1540453605798
-16960,-2240,6464,-10592,-4800,5280,-323,130,290,53526,1540453605801
-15808,-448,5248,-10576,-4928,5456,-175,378,-46,53546,1540453605805
-15808,-384,5248,-10672,-4944,5616,-93,363,111,53566,1540453605807
-15040,-384,5952,-10688,-5088,5808,-132,159,394,53586,1540453605844
-13632,-192,5440,-10800,-5088,6032,-106,75,300,53606,1540453605848
-11968,-64,6272,-10864,-5040,6160,-254,186,-261,53626,1540453605896
-13376,1024,5248,-10960,-5152,6112,-343,27,-518,53646,1540453605898
-15232,1152,4096,-10960,-5152,6240,-263,91,-418,53666,1540453605902
-15232,-128,4032,-11008,-5248,6256,-230,-6,-235,53686,1540453605947
-16000,-128,4352,-10960,-5216,6336,-240,-31,-260,53706,1540453605950
-16576,-64,4160,-10944,-5360,6336,-237,-32,-377,53726,1540453606053
-16512,-64,4160,-10896,-5360,6400,-277,127,-523,53746,1540453606056
-17664,-1792,4032,-10864,-5440,6368,-367,187,-333,53766,1540453606059
-18176,-3776,6976,-10720,-5472,6416,-613,-54,-139,53786,1540453606159
-17472,-4096,6912,-10704,-5536,6384,-729,-121,-156,53806,1540453606162
-17024,320,4288,-10736,-5536,6368,-528,32,-382,53826,1540453606165
-17600,3712,1984,-10832,-5568,6256,-263,237,-527,53846,1540453606169
-17088,5120,960,-10848,-5584,6304,63,414,-613,53866,1540453606172
-16320,4416,2304,-10704,-5600,6272,255,498,-653,53886,1540453606209
-16192,832,4544,-10640,-5632,6240,145,422,-449,53906,1540453606213
-16384,-2176,6336,-10512,-5632,6240,14,280,-322,53926,1540453606217
-15680,-2944,7232,-10512,-5632,6432,-76,215,-325,53946,1540453606221
-16320,-2304,6144,-10384,-5744,6352,-78,242,-365,53966,1540453606224
-16128,-1600,5632,-10416,-5664,6400,-66,262,-403,53986,1540453606263
-15872,-1024,5248,-10368,-5760,6480,-36,295,-296,54006,1540453606267
-16000,-1088,4864,-10304,-5776,6528,-5,285,-212,54026,1540453606270
-15488,-1152,4992,-10224,-5808,6528,30,264,-107,54046,1540453606423
-15424,-1920,5248,-10256,-5888,6592,5,176,-66,54066,1540453606426
-14976,-1920,5376,-10208,-5776,6528,-54,194,-134,54086,1540453606429
-14784,-1984,5568,-10224,-5840,6576,-75,127,-91,54106,1540453606432
-15104,-1920,5568,-10240,-5792,6560,-74,67,-77,54126,1540453606436
-15104,-1792,4992,-10144,-5824,6496,-47,118,-68,54146,1540453606438
-15680,-1984,5312,-10176,-5808,6416,-55,57,32,54166,1540453606441
-15232,-1984,5312,-10160,-5728,6416,-35,47,38,54186,1540453606446
-15232,-1984,5312,-10128,-5776,6416,-55,58,39,54206,1540453606472
-15808,-1792,5440,-10176,-5712,6368,-45,31,66,54226,1540453606475
-15616,-1664,5056,-10080,-5744,6432,-58,70,-11,54246,1540453606529
-15808,-1728,5248,-10048,-5712,6384,-36,46,-2,54266,1540453606532
-15744,-2048,5440,-10096,-5792,6432,-42,62,-39,54286,1540453606536
-15808,-1920,5568,-10080,-5632,6368,-60,75,-74,54306,1540453606540
-15936,-1600,5248,-10128,-5760,6416,-18,53,4,54326,1540453606546
-15552,-1472,5248,-10064,-5744,6352,-27,35,-84,54346,1540453606633
-15040,-1472,5120,-10032,-5728,6368,-59,44,-223,54366,1540453606636
-16128,-1856,4992,-10032,-5760,6320,-48,53,-95,54386,1540453606740
-16384,-1984,5248,-10016,-5680,6336,-30,50,44,54406,1540453606743
-15936,-1856,4992,-10016,-5712,6272,-43,66,100,54426,1540453606746
-15680,-1792,5120,-10032,-5696,6288,-74,34,106,54446,1540453606750
-15488,-1792,5248,-10032,-5696,6208,-115,-7,72,54466,1540453606753
-15296,-1792,4928,-10032,-5680,6288,-118,14,-3,54486,1540453606755
-15744,-1536,4864,-10032,-5648,6160,-74,26,-3,54506,1540453606759
-15744,-1600,4736,-9968,-5696,6256,-69,33,-11,54526,1540453606763
-15744,-1728,4672,-10032,-5664,6096,-32,78,-17,54546,1540453606789
-15808,-1792,4672,-9968,-5664,6176,-27,70,-10,54566,1540453606843
-15808,-1792,4608,-10016,-5632,6064,-15,75,-25,54586,1540453606895
-15872,-1664,4608,-9984,-5664,6112,-31,76,-21,54606,1540453606898
-16192,-1536,4800,-9984,-5664,6064,-3,110,-24,54626,1540453606901
-16128,-1408,4736,-9952,-5632,6144,-10,119,-15,54646,1540453606905
-15872,-1536,4800,-9968,-5616,6064,-27,119,-7,54666,1540453606909
-15936,-1728,4864,-9936,-5584,6112,-20,124,16,54686,1540453606913
-15808,-1600,4800,-9936,-5632,6032,-30,111,17,54706,1540453606947
-16000,-1664,4608,-9936,-5616,6112,-27,99,24,54726,1540453606996
-15808,-1472,5056,-9936,-5632,6032,-45,100,-17,54746,1540453606998
-15936,-1664,4672,-9936,-5552,6144,-38,105,-23,54766,1540453607047
-16128,-1856,4544,-9952,-5600,6016,-18,111,4,54786,1540453607050
-16192,-1728,4544,-9920,-5632,6064,-40,133,-22,54806,1540453607054
-16128,-1920,4800,-9952,-5616,6016,-56,155,-47,54826,1540453607155
-16384,-1920,4800,-9952,-5632,6048,-57,145,2,54846,1540453607159
-16192,-1472,4672,-9952,-5632,5984,-45,162,-6,54866,1540453607161
-16000,-1408,4544,-9952,-5552,5968,-50,162,16,54886,1540453607165
-16000,-1664,4736,-9952,-5600,5968,-58,153,-4,54906,1540453607168
-15680,-1472,4480,-9968,-5600,5984,-44,152,-6,54926,1540453607170
-15872,-1344,4480,-9984,-5616,6000,-29,147,-11,54946,1540453607260
-15488,-1280,4608,-9952,-5600,6000,-27,138,-13,54966,1540453607262
-15488,-1344,4864,-9904,-5568,6000,-50,99,-17,54986,1540453607265
-15488,-1600,4672,-9936,-5568,5984,-55,80,-29,55006,1540453607269
-16000,-1728,4480,-9936,-5632,5984,-59,81,-5,55026,1540453607272
-16128,-1536,4608,-9872,-5504,5904,-51,120,-20,55046,1540453607363
-15936,-1536,4480,-9872,-5584,5936,-62,98,-8,55066,1540453607365
-16192,-1600,4544,-9936,-5600,5952,-58,100,18,55086,1540453607368
-16192,-1472,4416,-9936,-5584,5984,-53,124,-6,55106,1540453607371
-16192,-1408,4352,-9920,-5504,5936,-50,136,12,55126,1540453607375
-16256,-1600,4672,-9920,-5536,5984,-59,147,11,55146,1540453607470
-16192,-1664,4608,-9952,-5568,5936,-37,155,-6,55166,1540453607473
-15808,-1216,4928,-9936,-5632,5952,-51,157,-17,55186,1540453607476
-15744,-1344,4608,-9952,-5648,5920,-50,150,-39,55206,1540453607480
-15872,-1216,4608,-9968,-5536,5936,-27,161,-15,55226,1540453607483
-15936,-1344,4608,-9952,-5568,5888,-29,145,-8,55246,1540453607576
-15616,-1280,4672,-9936,-5584,5952,-29,132,-14,55266,1540453607579
-15744,-1408,4672,-9984,-5584,5920,-17,141,-12,55286,1540453607582
-15808,-1472,4736,-9920,-5520,5952,-31,96,38,55306,1540453607586
-15552,-1216,4672,-9968,-5424,5888,-40,95,5,55326,1540453607590
-15680,-1344,4800,-9984,-5520,5920,-47,90,-3,55346,1540453607592
-15616,-1152,4864,-10016,-5488,5904,-49,92,-32,55366,1540453607596
-16000,-1344,5440,-10000,-5488,5952,-22,90,-10,55386,1540453607680
-16256,-1856,6080,-10016,-5552,5872,-38,79,50,55406,1540453607684
-16768,-1280,6592,-10064,-5488,5904,-34,114,44,55426,1540453607687
-16768,-1280,6720,-10064,-5552,5856,25,229,-12,55446,1540453607691
-17408,-1536,6912,-10080,-5488,5936,33,343,-59,55466,1540453607730
-17856,-1536,7168,-10112,-5488,5904,32,451,-121,55486,1540453607784
-17536,-1984,7360,-10160,-5456,5968,12,554,-166,55506,1540453607787
-17472,-1920,7872,-10240,-5536,5888,-2,567,-176,55526,1540453607790
-16640,-1984,7744,-10240,-5472,6048,-20,579,-208,55546,1540453607793
-16768,-1792,7232,-10320,-5520,6048,-15,674,-261,55566,1540453607796
-17408,-1408,6528,-10320,-5424,6224,-12,789,-307,55586,1540453607893
-18240,-1536,6464,-10304,-5584,6304,13,850,-300,55606,1540453607896
-17280,-1600,6144,-10336,-5584,6448,7,813,-241,55626,1540453607898
-16640,-2048,6080,-10288,-5664,6592,-90,767,-159,55646,1540453607902
-16640,-2432,6528,-10336,-5616,6720,-127,795,-71,55666,1540453607942
-16832,-1856,6528,-10384,-5648,6752,-115,857,-10,55686,1540453607945
-16064,-1600,6848,-10528,-5728,6880,-136,869,7,55706,1540453607993
-14720,-1536,7104,-10560,-5712,6880,-133,856,73,55726,1540453607996
-13824,-2496,7872,-10576,-5712,7008,-225,793,78,55746,1540453608001
-12992,-3264,8960,-10640,-5728,7056,-307,757,72,55766,1540453608006
-13312,-3520,9856,-10688,-5712,7168,-438,656,213,55786,1540453608046
-13760,-2432,9408,-10752,-5744,7168,-483,558,443,55806,1540453608049
-14400,-896,8384,-10944,-5728,7344,-405,526,728,55826,1540453608099
-14656,640,8192,-11056,-5728,7360,-265,528,914,55846,1540453608101
-14464,704,8192,-11248,-5472,7360,-231,491,785,55866,1540453608150
-13952,-320,8384,-11344,-5504,7328,-259,520,532,55886,1540453608153
-14592,832,8064,-11440,-5408,7408,-166,629,267,55906,1540453608202
-15424,1472,7616,-11520,-5424,7424,-41,694,190,55926,1540453608205
-15424,1600,6976,-11600,-5360,7504,43,705,-7,55946,1540453608207
-14080,960,6912,-11664,-5424,7536,23,728,-200,55966,1540453608210
-14784,-128,6912,-11664,-5296,7584,69,747,-5,55986,1540453608213
-14592,-320,7552,-11728,-5408,7648,34,693,31,56006,1540453608310
-13440,192,7424,-11776,-5296,7648,63,753,-40,56026,1540453608313
-13248,-192,7616,-11792,-5360,7760,61,761,-71,56046,1540453608317
-13312,-1472,8832,-11856,-5424,7840,-36,634,-3,56066,1540453608363
-10880,-192,8640,-11824,-5408,7888,-96,529,30,56086,1540453608366
-11712,128,8384,-11872,-5440,7968,-49,480,85,56106,1540453608370
-11392,704,8768,-11856,-5488,7984,3,486,3,56126,1540453608373
-10496,0,9344,-11824,-5520,8144,17,369,82,56146,1540453608377
-10816,64,9536,-11840,-5488,8160,-6,232,140,56166,1540453608414
-10688,448,9728,-11840,-5584,8304,22,286,-132,56186,1540453608417
-12224,0,9600,-11808,-5584,8304,71,346,-208,56206,1540453608467
-12416,-576,9664,-11760,-5664,8368,91,516,-198,56226,1540453608471
-11456,-1280,10368,-11728,-5664,8512,-60,501,-68,56246,1540453608474
-10944,-320,10112,-11760,-5760,8656,-110,381,70,56266,1540453608519
-10048,384,9984,-11744,-5760,8768,-101,349,71,56286,1540453608521
-9792,-576,10240,-11760,-5808,8784,-102,92,193,56306,1540453608525
-9792,-64,10176,-11744,-5792,8848,-99,-21,210,56326,1540453608570
-9984,-128,10176,-11776,-5776,8816,-101,-25,128,56346,1540453608572
-11008,0,9792,-11792,-5744,8832,-54,-62,253,56366,1540453608624
-11712,0,9792,-11776,-5744,8704,6,77,225,56386,1540453608626
-12480,-384,10176,-11776,-5712,8768,-80,135,-80,56406,1540453608675
-12032,-192,11008,-11792,-5760,8704,-164,85,-340,56426,1540453608679
-11584,-64,10880,-11792,-5728,8656,-287,16,-616,56446,1540453608786
-11072,-192,11136,-11792,-5712,8512,-373,55,-709,56466,1540453608789
-12224,-640,10560,-11840,-5712,8464,-518,26,-677,56486,1540453608792
-11136,-1152,10880,-11824,-5744,8336,-527,18,-576,56506,1540453608796
-10688,-704,10176,-11872,-5792,8320,-573,-85,-647,56526,1540453608798
-10624,-768,10304,-11936,-5792,8240,-552,-28,-249,56546,1540453608800
-12992,-1024,11264,-11968,-5808,8208,-627,-108,138,56566,1540453608802
-12800,-256,11392,-11984,-5792,8240,-480,-10,139,56586,1540453608836
-12480,-128,10240,-12016,-5680,8320,-397,-9,458,56606,1540453608838
-12992,640,10496,-12016,-5776,8320,-441,-270,548,56626,1540453608887
-11776,2688,8896,-11808,-5728,8192,-243,-79,165,56646,1540453608890
-10560,4480,7872,-11760,-5872,8016,-57,-24,68,56666,1540453608940
-11712,2880,9792,-11264,-5792,7648,-66,98,-68,56686,1540453608942
-13696,1024,10880,-11024,-5840,7376,-177,206,11,56706,1540453608947
-14336,0,11776,-10256,-5920,7024,-208,141,270,56726,1540453608991
-13248,384,11904,-9872,-5936,6784,-209,125,140,56746,1540453608994
-13504,1280,11328,-9008,-5840,6528,-277,158,-22,56766,1540453609043
-13888,1856,11392,-8736,-6032,6496,-296,165,18,56786,1540453609046
-15488,1216,10496,-8192,-5920,6416,-222,196,198,56806,1540453609050
-13184,1856,10368,-7920,-5968,6592,-184,176,-11,56826,1540453609095
-11904,1856,9920,-7296,-6032,7040,-97,-23,209,56846,1540453609098
-11648,1152,8704,-6848,-6112,7664,-80,396,-94,56866,1540453609103
-8704,448,10304,-6288,-6000,8224,58,269,-615,56886,1540453609149
-9088,576,10240,-6224,-6112,7984,76,184,-336,56906,1540453609152
-10624,768,10624,-6368,-5968,7328,80,124,-515,56926,1540453609199
-10688,1536,10112,-6384,-6016,6960,148,294,-694,56946,1540453609202
-11456,1600,10304,-6624,-5904,6176,184,327,-680,56966,1540453609207
-11264,1792,10112,-6816,-5744,5648,317,357,-905,56986,1540453609251
-11136,1728,9344,-7472,-5632,4336,478,823,-1463,57006,1540453609302
-12352,0,10496,-7808,-5552,3600,416,1370,-2098,57026,1540453609304
-13696,-1280,11840,-8432,-5520,2112,340,1420,-2099,57046,1540453609307
-12736,-2368,12352,-8432,-5440,1616,282,876,-1057,57066,1540453609353
-11840,-2112,11648,-8176,-5456,848,298,431,-94,57086,1540453609355
-11072,-2112,12544,-7936,-5424,304,152,500,-74,57106,1540453609358
-10816,-3456,13440,-7984,-5552,-960,12,544,-157,57126,1540453609361
-10624,-3136,12672,-8016,-5552,-1328,73,339,1,57146,1540453609460
-10176,-2368,12736,-7872,-5600,-1808,87,338,-130,57166,1540453609462
-10176,-2368,11776,-7696,-5520,-1872,179,387,8,57186,1540453609466
-11264,-2752,12288,-7632,-5504,-2448,263,466,200,57206,1540453609471
-11264,-2752,12800,-7552,-5488,-2912,179,351,362,57226,1540453609473
-10816,-2688,12864,-7360,-5440,-4064,148,199,470,57246,1540453609508
-9920,-2944,12096,-7008,-5360,-4960,202,187,472,57266,1540453609512
-9792,-2688,12032,-6816,-5344,-5456,161,145,300,57286,1540453609559
-9024,-1728,12032,-6752,-5264,-5792,305,309,242,57306,1540453609562
-10176,-2304,11456,-6704,-5296,-6832,378,380,385,57326,1540453609566
-10880,-3328,11968,-6608,-5104,-7968,146,-219,556,57346,1540453609610
-9792,-2816,9600,-5904,-5088,-8224,-12,-156,500,57366,1540453609613
-10048,-2240,12224,-5024,-5056,-8464,-73,-109,405,57386,1540453609616
-9728,-2176,12224,-4704,-5168,-8656,-151,-332,526,57406,1540453609662
-10048,-2432,12928,-4672,-5424,-9008,-178,-607,615,57426,1540453609664
-10752,-192,11776,-4832,-5696,-9312,-150,-537,502,57446,1540453609713
-10368,-1152,11200,-5168,-6208,-9712,-76,-439,445,57466,1540453609715
-10688,-2240,11264,-5312,-6336,-10000,-135,-374,464,57486,1540453609767
-11584,-1600,10880,-5216,-6656,-10256,-162,-527,606,57506,1540453609769
-12160,-1728,10688,-4880,-7008,-10416,-160,-481,722,57526,1540453609773
-11648,-2048,10304,-4032,-7376,-10800,-37,-615,872,57546,1540453609777
-12480,-1664,9984,-3648,-7696,-11120,578,-1497,1506,57566,1540453609873
-11584,-640,11840,-3152,-8048,-12016,-437,238,256,57586,1540453609876
-12160,0,10368,-3248,-8208,-12176,-290,285,224,57606,1540453609879
-11328,832,9920,-3440,-8496,-12336,-123,284,109,57626,1540453609883
-11712,960,10112,-3456,-8528,-12384,-84,323,48,57646,1540453609886
-12352,768,10560,-3456,-8400,-12272,-46,284,16,57666,1540453609887
-12032,960,10304,-3424,-8480,-12176,-51,225,-14,57686,1540453609928
-12032,448,10624,-3424,-8272,-12048,-36,278,-124,57706,1540453610025
-12032,192,10752,-3280,-8416,-11984,-28,216,102,57726,1540453610028
-16192,-1600,10624,-1824,-8240,-11760,100,62,747,57746,1540453610030
-10112,1152,10624,224,-8080,-11296,-112,202,67,57766,1540453610033
-10496,64,10688,2512,-8128,-10272,-143,209,-36,57786,1540453610037
-13312,832,10368,3184,-8144,-9872,-99,196,25,57806,1540453610039
-12480,1088,10624,5456,-7968,-8416,25,-9,70,57826,1540453610128
-11328,576,10816,6640,-8016,-7616,0,8,-369,57846,1540453610131
-13376,640,10880,7088,-8016,-7264,-68,179,-342,57866,1540453610133
-13504,576,10752,7184,-8000,-7200,-136,164,-203,57886,1540453610137
-13440,512,10752,7280,-8112,-7216,-136,103,-106,57906,1540453610178
-13440,448,10816,7312,-8080,-7120,-147,129,-81,57926,1540453610181
-13248,320,10560,7296,-8128,-7216,-197,143,13,57946,1540453610185
-12672,320,10624,7376,-8144,-7232,-280,96,117,57966,1540453610188
-12736,640,10816,7312,-8352,-7408,-300,103,117,57986,1540453610280
-12672,1152,10560,7376,-8448,-7488,-48,-204,-1,58006,1540453610283
-12480,1152,10560,7328,-8672,-7744,-94,-93,31,58026,1540453610286
-12224,1280,10176,7296,-8704,-7808,-51,-133,-28,58046,1540453610289
-12224,1152,10240,7264,-8880,-7952,-24,-70,-65,58066,1540453610330
-12736,1152,10432,7232,-8896,-7936,-15,-40,-106,58086,1540453610333
-12672,896,10176,7216,-8992,-8096,9,44,-136,58106,1540453610335
-12608,896,10176,7264,-8960,-8032,1,93,-118,58126,1540453610381
-12928,960,10432,7264,-8944,-8000,-11,153,-98,58146,1540453610384
-13056,640,10304,7248,-8880,-7904,-10,138,-70,58166,1540453610488
-12928,832,10112,7232,-8864,-7888,-8,175,-61,58186,1540453610492
-13376,832,10368,7312,-8784,-7792,10,173,-34,58206,1540453610495
-13120,1024,9984,7312,-8800,-7776,25,120,-54,58226,1540453610499
-12608,768,10048,7264,-8752,-7728,40,162,-82,58246,1540453610501
-12928,576,10112,7280,-8752,-7712,24,197,-75,58266,1540453610503
-12864,256,10304,7392,-8448,-7600,4,165,-54,58286,1540453610536
-12736,128,10112,7344,-8656,-7648,-9,153,-48,58306,1540453610588
-12992,320,10048,7440,-8496,-7488,-8,171,-85,58326,1540453610641
-12864,256,9984,7440,-8528,-7520,-11,149,-7,58346,1540453610692
-12800,256,10304,7536,-8400,-7392,-16,114,25,58366,1540453610695
-12800,192,10432,7456,-8560,-7424,-13,119,52,58386,1540453610699
-13120,128,10176,7472,-8352,-7376,-23,92,88,58406,1540453610704
-12800,128,10240,7504,-8480,-7456,-39,109,62,58426,1540453610707
-13120,128,10304,7488,-8384,-7440,-50,148,32,58446,1540453610711
-12864,128,10240,7488,-8448,-7472,-37,134,17,58466,1540453610743
-12672,512,10240,7456,-8368,-7440,-37,159,7,58486,1540453610748
-12928,640,10304,7456,-8432,-7440,-46,125,22,58506,1540453610752
-12800,512,10432,7408,-8496,-7344,-53,165,-9,58526,1540453610853
-13120,512,10304,7440,-8480,-7456,-44,189,6,58546,1540453610856
-12992,576,10240,7472,-8320,-7472,-36,192,22,58566,1540453610859
-12928,704,10176,7456,-8432,-7392,-49,192,34,58586,1540453610904
-12480,704,10048,7408,-8448,-7392,-59,172,31,58606,1540453610906
-12352,832,10048,7424,-8400,-7408,-29,144,25,58626,1540453610910
-12160,832,10112,7360,-8416,-7376,-32,156,-62,58646,1540453610915
-12352,832,10112,7472,-8336,-7328,-23,167,-86,58666,1540453611007
-12800,512,10240,7520,-8128,-7216,-56,206,-76,58686,1540453611010
-12992,384,10432,7616,-8112,-7104,-80,237,-37,58706,1540453611014
-12672,704,10368,7648,-8016,-7056,-83,183,9,58726,1540453611061
-12672,640,10368,7712,-8032,-7008,-69,190,-24,58746,1540453611064
-12672,704,10368,7680,-8016,-7008,-63,231,-42,58766,1540453611068
-12416,896,10368,7728,-7968,-7008,-58,219,-29,58786,1540453611073
-12096,1152,9792,7696,-8016,-6960,-30,181,-35,58806,1540453611077
-12032,1088,10240,7744,-7904,-6928,-10,137,-64,58826,1540453611081
-12288,832,10304,7760,-8016,-7024,2,139,-91,58846,1540453611087
-12608,704,10368,7776,-7984,-6960,-2,138,-73,58866,1540453611090
-12736,704,10368,7744,-7920,-6944,-22,144,-67,58886,1540453611161
-12736,512,10368,7808,-8000,-6912,-31,126,-67,58906,1540453611163
-12992,640,10368,7808,-7936,-6928,-30,141,-72,58926,1540453611166
-12736,512,10368,7872,-7904,-6848,-44,158,-61,58946,1540453611213
-12736,512,10112,7792,-7984,-6880,-35,170,-46,58966,1540453611215
-12544,768,10368,7840,-7920,-6800,-16,171,-66,58986,1540453611266
-12864,704,10368,7856,-7920,-6832,-27,181,-46,59006,1540453611268
-12800,704,10368,7904,-7792,-6752,-18,192,-83,59026,1540453611272
-12736,448,10624,7904,-7904,-6816,-26,231,-62,59046,1540453611317
-12864,448,10432,7968,-7840,-6688,-38,204,-43,59066,1540453611320
-12544,576,10496,7968,-7856,-6752,-27,179,-35,59086,1540453611372
-12288,640,10432,7968,-7808,-6656,-25,222,-84,59106,1540453611375
-12672,576,10624,7968,-7808,-6672,-3,264,-57,59126,1540453611425
-12864,320,10496,8544,-7600,-6384,12,295,-21,59146,1540453611429
-12224,1152,10688,8640,-7648,-6288,2,237,-4,59166,1540453611433
-12672,704,10944,8704,-7536,-6160,22,226,31,59186,1540453611438
-12480,448,10880,8752,-7520,-6240,-5,196,12,59206,1540453611441
-12416,384,10816,8736,-7440,-6192,-15,212,-9,59226,1540453611478
-12224,448,10752,8688,-7520,-6240,-22,249,-23,59246,1540453611483
-12160,704,10880,8768,-7392,-6256,-23,234,-43,59266,1540453611530
-11840,576,10752,8688,-7632,-6240,-15,215,-54,59286,1540453611582
-11776,320,10432,8752,-7488,-6272,-9,191,-60,59306,1540453611585
-11904,384,10624,8704,-7664,-6320,-15,178,-50,59326,1540453611590
-11840,320,10560,8736,-7552,-6272,-26,176,-50,59346,1540453611693
-11648,320,10304,8704,-7648,-6352,-26,169,-52,59366,1540453611696
-11840,320,10432,8768,-7552,-6272,-23,180,-35,59386,1540453611700
-11904,512,10432,8720,-7648,-6272,-13,190,-22,59406,1540453611704
-11648,640,10624,8720,-7648,-6176,10,147,-29,59426,1540453611706
-11776,512,10752,8720,-7584,-6240,16,137,-35,59446,1540453611711
-12096,128,11072,8848,-7600,-6208,52,129,77,59466,1540453611716
-11584,1024,10752,9232,-7552,-6176,22,100,-60,59486,1540453611721
-12416,384,11136,9280,-7600,-6112,5,99,-20,59506,1540453611742
-12672,128,11200,9328,-7568,-6112,-12,100,-7,59526,1540453611794
-12608,-512,10816,9344,-7568,-6160,-22,123,59,59546,1540453611797
-11968,768,10816,9536,-7552,-6112,-30,137,-25,59566,1540453611846
-12416,192,10816,9520,-7568,-6112,-42,146,-40,59586,1540453611848
-12224,320,10880,9584,-7520,-6048,-27,168,-35,59606,1540453611852
-12160,128,10752,9584,-7504,-6048,-33,187,-42,59626,1540453611952
-12032,192,10560,9552,-7520,-6016,-12,202,-57,59646,1540453611955
-11968,64,10688,9536,-7504,-5984,-19,201,-43,59666,1540453611959
-11904,128,10624,9568,-7504,-5952,-27,197,-119,59686,1540453611962
-11968,64,10624,9584,-7424,-5904,-20,195,-45,59706,1540453611964
-12096,512,10816,9552,-7280,-5968,-15,170,-39,59726,1540453611966
-12224,384,10816,9440,-7376,-6080,9,156,-53,59746,1540453612004
-11904,64,10944,9456,-7344,-6016,27,141,-87,59766,1540453612057
-11776,128,10880,9200,-7344,-6256,19,134,-160,59786,1540453612059
-12544,320,11008,8864,-7344,-6448,16,127,-114,59806,1540453612061
-12352,64,11072,8432,-7360,-6816,27,118,-78,59826,1540453612063
-11840,-64,11008,8544,-7200,-6736,13,132,-88,59846,1540453612109
-11840,-64,11008,8496,-7296,-6752,-4,123,-89,59866,1540453612113
-12160,-64,11008,8528,-7248,-6720,-9,135,-86,59886,1540453612118
-12096,-128,11136,8448,-7232,-6736,-23,129,-57,59906,1540453612160
-12224,-64,11136,8432,-7152,-6624,-5,140,-96,59926,1540453612211
-11648,-256,11008,8208,-7136,-6896,-25,90,-99,59946,1540453612213
-12096,128,11008,7696,-7088,-7248,-13,62,-103,59966,1540453612218
-12096,-64,10816,7488,-7200,-7376,0,101,-108,59986,1540453612259
-12608,-384,10816,7312,-7088,-7488,-6,147,-110,60006,1540453612264
-11904,-384,10880,7168,-7136,-7584,-23,153,-120,60026,1540453612268
-11904,-128,10816,6784,-7072,-7808,-27,138,-86,60046,1540453612369
-12224,-64,11008,6624,-7168,-8032,-17,100,-111,60066,1540453612373
-11712,-192,10880,6160,-7072,-8224,-27,104,-85,60086,1540453612375
-12224,-256,10752,5904,-7264,-8432,-23,105,-92,60106,1540453612380
-12544,-320,10880,5792,-7088,-8448,-31,117,-75,60126,1540453612383
-12032,-576,10880,5712,-7184,-8544,-44,120,-123,60146,1540453612421
-11904,-384,10944,5536,-7200,-8624,-52,110,-98,60166,1540453612424
-12160,-192,10688,5344,-7200,-8736,-56,105,-59,60186,1540453612523
-12352,-64,10816,5152,-7216,-8848,-44,121,-40,60206,1540453612527
-12288,-64,10752,5104,-7200,-8880,-33,146,-48,60226,1540453612530
-12160,-192,10752,5008,-7104,-8896,-28,185,-63,60246,1540453612534
-12032,-256,10688,4960,-7136,-8944,-34,199,-68,60266,1540453612536
-12032,0,10752,4832,-7152,-9024,-44,153,-37,60286,1540453612538
-11904,64,10560,4736,-7152,-9104,-45,125,-16,60306,1540453612540
-11968,-64,10624,4640,-7216,-9152,-47,125,-31,60326,1540453612626
-11776,-128,10624,4720,-7168,-9200,-20,147,-47,60346,1540453612629
-12032,-192,10688,4688,-7184,-9152,-30,168,-39,60366,1540453612678
-12160,-256,10688,4736,-7168,-9120,-38,157,-29,60386,1540453612680
-11904,-128,10496,4720,-7168,-9200,-29,127,-36,60406,1540453612685
-11904,-192,10688,4736,-7152,-9120,-25,130,-39,60426,1540453612689
-11840,-192,10624,4736,-7168,-9136,-23,125,-30,60446,1540453612728
-12160,-384,10688,4752,-7248,-9168,-31,130,-32,60466,1540453612730
-12416,-320,10688,4720,-7200,-9232,-25,137,-13,60486,1540453612735
-12224,-384,10816,4944,-7200,-9024,-23,169,21,60506,1540453612739
-11904,-576,10880,5056,-7216,-8992,-55,167,8,60526,1540453612780
-12032,-384,10816,5184,-7168,-8896,-82,158,0,60546,1540453612783
-12032,-256,10816,5328,-7248,-8880,-72,98,36,60566,1540453612788
-12160,-320,10816,5296,-7216,-8848,-64,94,5,60586,1540453612831
-12352,-576,10880,5312,-7280,-8912,-52,137,-21,60606,1540453612881
-12288,-576,10944,5328,-7200,-8864,-53,146,-21,60626,1540453612885
-12032,-320,10880,5312,-7280,-8960,-46,149,-8,60646,1540453612889
-12096,-192,10880,5312,-7184,-8896,-54,118,-26,60666,1540453612893
-11968,-320,10816,5280,-7344,-8960,-55,97,-18,60686,1540453612932
-11968,-64,10688,5280,-7344,-8960,-68,79,-27,60706,1540453612936
-12032,-256,10752,5216,-7376,-9088,-71,104,-44,60726,1540453612982
-11968,-320,10688,5248,-7472,-9120,-70,123,-50,60746,1540453612984
-12160,-512,10688,5216,-7440,-9168,-88,143,-47,60766,1540453613034
-12224,-448,10624,5216,-7424,-9136,-101,127,-40,60786,1540453613037
-12224,-320,10688,5200,-7488,-9232,-125,164,-33,60806,1540453613042
-12096,-384,10752,5152,-7536,-9168,-153,193,-47,60826,1540453613086
-12096,-320,10688,5104,-7664,-9280,-142,198,-77,60846,1540453613088
-11776,-256,10624,4928,-7616,-9472,-133,174,-147,60866,1540453613091
-11712,-128,10624,4448,-7712,-9744,-122,157,-106,60886,1540453613137
-12480,64,10944,4192,-7648,-9968,-130,104,-159,60906,1540453613140
-11904,-192,11072,4128,-7904,-10064,-133,100,-207,60926,1540453613188
-12032,-64,10816,3984,-7936,-10192,-112,136,-262,60946,1540453613242
-11840,-384,10816,3824,-8144,-10336,-81,122,-317,60966,1540453613244
-12160,576,10752,3392,-8128,-10672,-49,161,-347,60986,1540453613246
-12160,320,10752,3424,-8304,-10768,-47,67,-233,61006,1540453613294
-12224,-64,10816,3424,-8320,-10880,-16,74,-122,61026,1540453613297
-11904,-1024,10816,3296,-8432,-11072,-46,50,-47,61046,1540453613303
-12224,-512,10624,2864,-8368,-11440,-11,43,-31,61066,1540453613306
-12416,-704,10816,2688,-8432,-11600,-17,74,-45,61086,1540453613311
-12096,-960,10624,2496,-8384,-11616,-53,98,-83,61106,1540453613399
-12224,-640,10688,2384,-8352,-11712,-44,118,-75,61126,1540453613402
-12160,-384,10624,2192,-8288,-11744,-47,93,-50,61146,1540453613406
-12288,-448,10688,2160,-8288,-11840,-66,99,-33,61166,1540453613411
-12288,-640,10752,2000,-8208,-11824,-77,93,-8,61186,1540453613448
-12352,-896,10752,2000,-8160,-11872,-84,93,-11,61206,1540453613452
-12288,-576,10624,1888,-8176,-11872,-82,99,-30,61226,1540453613556
-12352,-448,10496,1936,-8176,-11856,-73,136,-69,61246,1540453613559
-13056,-640,10048,-13072,-5296,-12240,-25,169,-28,68296,1540453620568
-13056,-832,10048,-13088,-5312,-12320,-32,175,-31,68316,1540453620571
-12864,-960,10176,-13040,-5312,-12176,-38,189,-34,68336,1540453620574
-12608,-704,9920,-13056,-5312,-12272,-40,168,-33,68356,1540453620618
-12608,-640,9792,-12992,-5280,-12176,-44,169,-16,68376,1540453620620
-12288,-768,9984,-13056,-5344,-12320,-41,147,-20,68396,1540453620623
-12544,-896,9920,-13056,-5344,-12224,-45,139,-13,68416,1540453620668
-12608,-896,9856,-13008,-5344,-12272,-35,165,-47,68436,1540453620671
-12480,-768,10048,-12912,-5344,-12208,-39,138,-41,68456,1540453620772
-12544,-960,10240,-12896,-5344,-12288,-49,118,-28,68476,1540453620775
-12672,-704,10112,-12864,-5344,-12208,-51,134,-38,68496,1540453620779
-12736,-896,10112,-12928,-5328,-12256,-57,146,-49,68516,1540453620782
-12672,-832,9984,-12912,-5344,-12176,-67,142,-27,68536,1540453620784
-12608,-576,10112,-12912,-5328,-12128,-56,132,-23,68556,1540453620786
-12608,-320,10048,-12944,-5312,-12128,-32,135,-52,68576,1540453620820
-12672,-512,9984,-12992,-5280,-12096,-43,128,-56,68596,1540453620875
-12672,-704,10176,-12960,-5328,-12160,-37,130,-51,68616,1540453620877
-12672,-768,10176,-12960,-5264,-12144,-41,128,-48,68636,1540453620880
-12928,-640,10112,-12976,-5344,-12176,-37,154,-32,68656,1540453620925
-12864,-832,10176,-12944,-5312,-12176,-34,142,-17,68676,1540453620975
-12800,-832,10112,-12944,-5328,-12304,-46,143,-16,68696,1540453620978
-12800,-704,10176,-12992,-5296,-12272,-34,138,-23,68716,1540453620982
-12672,-704,10112,-13024,-5328,-12240,-22,151,-34,68736,1540453620986
-12544,-704,10048,-12992,-5328,-12176,-21,151,-43,68756,1540453620988
-12800,-704,10112,-12864,-5232,-12208,-36,161,-40,68776,1540453621027
-12736,-704,9920,-12928,-5328,-12160,-30,142,-50,68796,1540453621031
-12608,-640,10112,-12944,-5328,-12160,-20,129,-37,68816,1540453621078
-12480,-640,10048,-12976,-5296,-12128,-19,134,-35,68836,1540453621081
-12608,-640,10176,-13040,-5344,-12176,-19,141,-33,68856,1540453621085
-12736,-768,9984,-12976,-5296,-12144,-18,148,-26,68876,1540453621130
-12864,-832,10176,-13008,-5328,-12176,-33,146,-31,68896,1540453621132
-12928,-640,9984,-12944,-5248,-12112,-27,156,-17,68916,1540453621180
-12608,-704,10176,-12976,-5280,-12128,-36,143,-22,68936,1540453621183
-12672,-640,9984,-12992,-5344,-12096,-35,156,-23,68956,1540453621230
-12544,-704,10112,-13024,-5328,-12160,-24,158,-36,68976,1540453621233
-12672,-768,10048,-12992,-5280,-12096,-13,157,-33,68996,1540453621715
-12480,-704,10112,-13072,-5344,-12112,-35,139,-13,69016,1540453621718
-12480,-832,10176,-12992,-5296,-12048,-34,146,-16,69036,1540453621721
-12672,-832,9920,-13088,-5328,-12192,-27,143,-31,69056,1540453621725
-12480,-640,10240,-13008,-5296,-12112,-34,141,-25,69076,1540453621728
-12480,-768,10240,-12992,-5312,-12144,-25,138,-21,69096,1540453621731
-12672,-832,10176,-13024,-5296,-12048,-34,141,-10,69116,1540453621734
-12736,-768,10176,-13008,-5392,-12064,-41,137,-17,69136,1540453621736
-12608,-896,10240,-13040,-5280,-12128,-40,119,-13,69156,1540453621740
-12544,-896,10112,-13088,-5328,-12160,-42,137,-25,69176,1540453621743
-12800,-832,10112,-13056,-5296,-12112,-50,143,-38,69196,1540453621747
-12544,-832,10048,-13024,-5312,-12144,-37,154,-25,69216,1540453621749
-12672,-640,10176,-12976,-5296,-12080,-34,129,-8,69236,1540453621752
-12480,-448,10176,-13120,-5360,-12112,-29,134,-28,69256,1540453621754
-12544,-576,10176,-13104,-5280,-12048,-31,139,-56,69276,1540453621759
-12736,-832,10112,-13136,-5312,-12112,-31,147,-44,69296,1540453621763
-12608,-896,10240,-13088,-5312,-12096,-38,142,-44,69316,1540453621766
-12672,-832,10112,-13152,-5296,-12112,-34,143,-32,69336,1540453621770
-12544,-576,10048,-13104,-5376,-12032,-44,131,-35,69356,1540453621773
-12416,-576,9920,-13104,-5328,-12080,-37,121,-30,69376,1540453621775
-12736,-768,10112,-13200,-5344,-12096,-30,136,-20,69396,1540453621781
-12736,-768,10048,-13216,-5296,-12112,-39,148,-40,69416,1540453621784
-12672,-1024,9984,-13152,-5232,-12080,-28,140,-53,69436,1540453621787
-12544,-896,9984,-13136,-5328,-12112,-27,134,-42,69456,1540453621789
-12544,-640,10112,-13136,-5232,-12032,-30,115,-31,69476,1540453621791
-12480,-576,10048,-13136,-5328,-12048,-28,108,-31,69496,1540453621795
-12800,-576,10176,-13168,-5360,-12032,-44,112,-26,69516,1540453621854
-12800,-704,10048,-13152,-5280,-12048,-31,106,-25,69536,1540453621856
-12800,-832,10240,-13152,-5232,-12160,-17,105,-13,69556,1540453621861
-12800,-832,10176,-13184,-5296,-12096,-32,111,-20,69576,1540453621864
-12864,-704,9984,-13088,-5136,-12032,-33,107,-12,69596,1540453621866
-12800,-576,10176,-13088,-5264,-12000,-31,123,-20,69616,1540453621868
-12608,-704,9984,-13136,-5168,-12032,-26,89,17,69636,1540453621870
-12544,-640,9920,-13216,-5264,-11952,-17,109,-28,69656,1540453621905
-13184,-640,10048,-13296,-5264,-11968,-6,114,-9,69676,1540453621908
-13248,-832,9984,-13392,-5312,-11952,-11,148,-8,69696,1540453622011
-12928,-960,10048,-13360,-5168,-12016,-23,146,-12,69716,1540453622014
-12800,-768,10048,-13344,-5248,-11952,-15,145,-26,69736,1540453622019
-12544,-704,10048,-13408,-5248,-11968,-23,143,-19,69756,1540453622022
-12672,-448,9856,-13376,-5232,-11904,-23,151,-29,69776,1540453622025
-12672,-704,9920,-13408,-5280,-11936,-10,136,-13,69796,1540453622063
-12736,-896,10048,-13424,-5248,-11824,-31,135,-2,69816,1540453622067
-12864,-704,10176,-13552,-5296,-11968,-30,139,-7,69836,1540453622070
-12736,-576,9920,-13520,-5248,-11904,-21,153,-6,69856,1540453622111
-13056,-704,10176,-13504,-5264,-11984,-12,139,-13,69876,1540453622165
-13056,-768,10048,-13440,-5216,-11888,-26,147,-25,69896,1540453622167
-12608,-896,9664,-13504,-5296,-11984,-21,155,12,69916,1540453622172
-12608,-896,9792,-13488,-5264,-12000,-21,149,-8,69936,1540453622216
-12608,-896,9792,-13552,-5248,-12032,-26,125,-26,69956,1540453622218
-12416,-1024,10048,-13552,-5312,-11952,-33,123,-12,69976,1540453622223
-12544,-1024,10048,-13536,-5312,-12000,-36,122,-25,69996,1540453622227
-12544,-960,9856,-13520,-5280,-11984,-28,114,-17,70016,1540453622268
-12672,-960,10112,-13600,-5328,-11984,-29,116,-10,70036,1540453622270
-12736,-1088,9920,-13584,-5280,-11936,-47,131,-17,70056,1540453622319
-12800,-896,9920,-13664,-5296,-12000,-35,140,-23,70076,1540453622321
-12928,-832,9920,-13632,-5296,-11920,-31,128,-32,70096,1540453622372
-12928,-832,9856,-13632,-5296,-11936,-34,132,-25,70116,1540453622375
-12608,-768,9984,-13632,-5312,-11904,-45,136,-38,70136,1540453622425
-12480,-896,9984,-13584,-5280,-11904,-44,99,-38,70156,1540453622429
-12608,-704,9792,-13552,-5296,-11904,-45,99,-50,70176,1540453622434
-12672,-640,9920,-13504,-5312,-11920,-39,108,-30,70196,1540453622437
-12800,-832,9920,-13456,-5232,-11904,-30,114,-30,70216,1540453622476
-12800,-832,9984,-13488,-5232,-11872,-56,99,4,70236,1540453622480
-13184,-896,9856,-13472,-5264,-11872,-40,109,0,70256,1540453622484
-12992,-512,9984,-13536,-5280,-11888,-30,143,-21,70276,1540453622527
-12992,-768,10112,-13520,-5168,-11968,-44,132,-22,70296,1540453622530
-12864,-768,10048,-13504,-5280,-11968,-37,126,-14,70316,1540453622577
-13056,-768,9856,-13520,-5056,-11952,-29,144,-25,70336,1540453622626
-12992,-512,9984,-13504,-5248,-11904,-21,146,-20,70356,1540453622631
-12928,-576,9792,-13568,-5152,-12064,-39,149,-26,70376,1540453622635
-12672,-704,9984,-13552,-5296,-12048,-26,128,-19,70396,1540453622638
-12736,-704,9920,-13440,-5168,-12048,-35,146,-9,70416,1540453622679
-12992,-640,9856,-13520,-5232,-11968,-23,151,-13,70436,1540453622683
-12864,-640,9728,-13504,-5200,-12032,-32,142,-11,70456,1540453622688
-12800,-640,9792,-13488,-5296,-12032,-40,136,5,70476,1540453622730
-12800,-768,9920,-13488,-5232,-12080,-47,129,11,70496,1540453622734
-12928,-704,9792,-13536,-5280,-12080,-33,123,9,70516,1540453622781
-12672,-640,9856,-13520,-5264,-12112,-33,139,2,70536,1540453622784
-13056,-576,9920,-13504,-5216,-12080,-41,136,-4,70556,1540453622790
-12800,-576,10112,-13424,-5136,-12112,-33,126,10,70576,1540453622831
-12672,-512,9792,-13360,-5200,-12064,-21,105,-38,70596,1540453622886
-12992,-704,9856,-13392,-5296,-12128,-22,142,-50,70616,1540453622888
-12928,-768,9856,-13408,-5216,-12128,-18,137,-32,70636,1540453622892
-12992,-640,9920,-13408,-5184,-12144,-18,155,-38,70656,1540453622896
-12672,-704,9792,-13344,-5216,-12064,-17,138,-46,70676,1540453622936
-12928,-640,9984,-13392,-5312,-12112,-25,144,-31,70696,1540453622938
-12864,-576,9792,-13408,-5248,-12048,-24,136,-28,70716,1540453622941
-12992,-704,9920,-13472,-5280,-12112,-24,146,-37,70736,1540453622987
-12928,-768,9856,-13456,-5184,-12032,-12,149,-25,70756,1540453622989
-12928,-640,9984,-13376,-5264,-12064,-20,152,-11,70776,1540453623041
-12992,-640,9792,-13328,-5248,-12000,-18,156,-14,70796,1540453623046
-12736,-576,9856,-13456,-5264,-11984,-23,144,-8,70816,1540453623092
-12864,-576,9856,-13376,-5232,-11968,-24,142,-19,70836,1540453623096
-12864,-768,9920,-13504,-5280,-12032,-39,154,-12,70856,1540453623101
-13056,-896,10048,-13504,-5120,-12016,-24,160,-16,70876,1540453623142
-12800,-896,10048,-13584,-5312,-11984,-41,158,-19,70896,1540453623194
-12672,-832,10048,-13568,-5280,-11872,-27,162,-40,70916,1540453623199
-12800,-768,10112,-13568,-5264,-11840,-44,143,-30,70936,1540453623203
-12672,-768,9920,-13584,-5232,-11664,-52,135,-43,70956,1540453623206
-12928,-704,9984,-13616,-5232,-11680,-26,135,-30,70976,1540453623209
-12736,-704,10048,-13504,-5216,-11600,-35,146,-42,70996,1540453623244
-12672,-768,9920,-13552,-5216,-11648,-30,143,-40,71016,1540453623248
-12672,-896,10112,-13472,-5264,-11632,-32,142,-57,71036,1540453623296
-12672,-704,10048,-13424,-5248,-11600,-41,153,-52,71056,1540453623298
-12928,-704,10240,-13376,-5232,-11600,-43,160,-40,71076,1540453623349
-12864,-576,10048,-13376,-5248,-11632,-41,160,-37,71096,1540453623354
-12928,-704,9920,-13360,-5216,-11616,-36,158,-29,71116,1540453623359
-12800,-768,10048,-13312,-5280,-11664,-30,159,-34,71136,1540453623401
-12800,-704,9920,-13296,-5136,-11664,-35,171,-42,71156,1540453623403
-12608,-576,9984,-13264,-5280,-11680,-20,175,-54,71176,1540453623407
-12480,-640,9984,-13088,-5152,-11600,-30,161,-20,71196,1540453623455
-12544,-640,9984,-13088,-5200,-11632,-22,139,-27,71216,1540453623457
-12416,-448,9984,-13088,-5152,-11600,-34,114,0,71236,1540453623504
-12800,-448,9920,-13024,-5264,-11664,-14,125,0,71256,1540453623506
-12736,-832,9856,-13104,-5152,-11648,-27,122,-14,71276,1540453623509
-12864,-960,9984,-13088,-5216,-11696,-24,129,-34,71296,1540453623559
-12736,-768,9984,-13040,-5136,-11712,-22,123,-3,71316,1540453623563
-12864,-704,10112,-13040,-5184,-11680,-11,146,-23,71336,1540453623567
-12928,-512,9984,-13104,-5264,-11712,-8,152,-16,71356,1540453623609
-12736,-448,9984,-13216,-5216,-11728,-4,140,-10,71376,1540453623613
-12800,-640,9792,-13200,-5216,-11712,0,141,-27,71396,1540453623617
-12864,-768,10048,-13184,-5168,-11712,0,153,-26,71416,1540453623661
-12544,-832,9792,-13136,-5264,-11712,-5,158,-24,71436,1540453623664
-12416,-640,10048,-13168,-5216,-11744,-4,143,-16,71456,1540453623712
-12608,-640,9856,-13248,-5248,-11728,4,140,-23,71476,1540453623714
-12608,-704,9984,-13232,-5216,-11728,-12,129,-10,71496,1540453623762
-12800,-832,9984,-13248,-5248,-11824,-24,133,-21,71516,1540453623765
-12800,-896,9920,-13264,-5184,-11824,-21,147,-5,71536,1540453623813
-12544,-960,9920,-13312,-5264,-11888,-31,126,-11,71556,1540453623815
-12864,-832,10048,-13232,-5200,-11840,-28,118,12,71576,1540453623820
-12928,-576,8832,-13408,-5264,-11808,-26,145,-17,71596,1540453623864
-12992,-832,9984,-13328,-5184,-11808,-12,156,-7,71616,1540453623867
-12928,-832,9920,-13392,-5232,-11872,-16,160,-18,71636,1540453623871
-12992,-768,9920,-13440,-5200,-11728,-5,150,-16,71656,1540453623915
-12992,-1024,10112,-13456,-5200,-11808,-20,161,-32,71676,1540453623918
-12928,-896,10048,-13408,-5216,-11776,-21,170,-38,71696,1540453623922
-12800,-832,10048,-13408,-5248,-11760,-21,160,-31,71716,1540453623965
-12544,-832,10048,-13376,-5184,-11744,-23,161,-31,71736,1540453623968
-12608,-896,9984,-13312,-5248,-11808,-24,138,-18,71756,1540453624015
-12736,-896,9920,-13328,-5200,-11728,-26,158,-26,71776,1540453624066
-12608,-896,10048,-13360,-5232,-11856,-39,158,-18,71796,1540453624068
-12544,-896,10112,-13360,-5296,-11776,-36,138,-27,71816,1540453624073
-12544,-832,9856,-13360,-5216,-11808,-48,133,-13,71836,1540453624077
-12544,-640,9984,-13344,-5152,-11792,-17,133,-23,71856,1540453624080
-12864,-704,9984,-13392,-5232,-11888,-19,140,-23,71876,1540453624117
-12672,-960,10048,-13328,-5104,-11760,-23,127,-11,71896,1540453624169
-12608,-960,10048,-13360,-5232,-11920,-37,135,10,71916,1540453624220
-12928,-960,9984,-13344,-5216,-11840,-61,116,70,71936,1540453624223
-12864,-768,9792,-13456,-5248,-11904,-65,99,117,71956,1540453624225
-12608,-704,9856,-13584,-5136,-11792,-59,134,57,71976,1540453624231
-12736,-640,9856,-13648,-5264,-11792,-43,158,-15,71996,1540453624235
-12480,-512,10048,-13600,-5024,-11680,-52,151,-16,72016,1540453624271
-12672,-384,9792,-13552,-5184,-11664,-30,155,-29,72036,1540453624274
-12736,-640,9792,-13520,-5168,-11600,-25,152,-34,72056,1540453624279
-12608,-320,9920,-13536,-5216,-11648,-20,159,-48,72076,1540453624327
-12608,-576,9920,-13536,-5120,-11632,-21,134,-45,72096,1540453624378
-12544,-832,10112,-13456,-5184,-11648,-31,136,-34,72116,1540453624381
-12864,-832,9984,-13424,-5216,-11728,-34,138,-29,72136,1540453624386
-12672,-768,9920,-13424,-5232,-11840,-38,130,-25,72156,1540453624389
-12736,-896,9984,-13392,-5168,-11872,-23,135,-29,72176,1540453624430
-12672,-768,9856,-13440,-5232,-11888,-29,136,-31,72196,1540453624432
-12416,-896,9920,-13456,-5248,-11984,-31,120,-43,72216,1540453624480
-12352,-896,9792,-13440,-5280,-12032,-9,119,-35,72236,1540453624483
-12224,-832,9856,-13568,-5280,-12000,-16,109,-51,72256,1540453624487
-12544,-576,9856,-13584,-5264,-11952,-2,91,-39,72276,1540453624530
-12672,-576,9728,-13536,-5184,-11888,-26,101,-68,72296,1540453624532
-12736,-640,10048,-13536,-5232,-11872,-15,67,-22,72316,1540453624581
-12608,-576,9792,-13504,-5184,-11840,-37,86,-17,72336,1540453624583
-12928,-704,9792,-13456,-5232,-11808,-42,71,-7,72356,1540453624589
-13056,-512,9728,-13568,-5248,-11856,-32,94,-28,72376,1540453624632
-12864,-576,9856,-13520,-5200,-11920,-28,95,-28,72396,1540453624635
-12928,-640,9792,-13472,-5248,-12080,-22,80,-16,72416,1540453624686
-13120,-512,9920,-13408,-5232,-12032,-30,85,-22,72436,1540453624689
-13568,-512,9600,-13408,-5200,-12160,10,91,-7,72456,1540453625222
-13376,-768,10048,-13360,-5280,-12160,13,135,-15,72476,1540453625225
-13248,-1088,10176,-13392,-5280,-12304,7,160,-30,72496,1540453625228
-13248,-896,10112,-13312,-5232,-12288,12,168,-17,72516,1540453625231
-13248,-896,10176,-13296,-5248,-12240,-10,171,-6,72536,1540453625234
-13248,-832,9984,-13312,-5168,-12048,-39,186,18,72556,1540453625236
-13248,-832,10048,-13360,-5168,-12016,-48,201,21,72576,1540453625238
-13056,-640,10048,-13392,-5152,-11808,-60,179,33,72596,1540453625240
-12992,-448,9728,-13408,-5120,-11856,-44,195,5,72616,1540453625244
-12992,-448,9728,-13424,-5088,-11792,-40,188,-14,72636,1540453625249
-12736,-512,10048,-13392,-5184,-11904,-26,166,-7,72656,1540453625253
-12672,-576,9920,-13328,-5152,-11968,-21,191,-29,72676,1540453625255
-12800,-448,10240,-13312,-5216,-12128,-33,189,-36,72696,1540453625258
-12672,-768,10240,-13200,-5184,-12128,-33,184,-18,72716,1540453625264
-12928,-768,9984,-13200,-5200,-12240,-17,197,-1,72736,1540453625268
-12864,-640,9792,-13216,-5184,-12240,-29,188,5,72756,1540453625271
-12672,-704,9856,-13200,-5216,-12256,-25,187,0,72776,1540453625274
-12544,-1088,10048,-13152,-5216,-12272,-34,183,-19,72796,1540453625279
-12416,-1216,9792,-13232,-5168,-12304,-52,180,-25,72816,1540453625283
-12352,-960,9792,-13088,-5072,-12144,-42,157,-34,72836,1540453625287
-12032,-640,9472,-13120,-5168,-12208,-35,132,-37,72856,1540453625289
-12096,-576,9536,-13232,-5088,-12224,-34,113,-51,72876,1540453625292
-12096,-768,9600,-13216,-5216,-12288,-34,84,-69,72896,1540453625296
-12032,-896,9536,-13184,-5104,-12288,-29,63,-70,72916,1540453625301
-12288,-832,9408,-13264,-5184,-12384,-23,36,-78,72936,1540453625305
-12480,-832,9664,-13296,-5104,-12448,-26,30,-63,72956,1540453625307
-12544,-1088,9984,-13264,-5296,-12512,-25,35,-96,72976,1540453625311
-12736,-896,9920,-13120,-5248,-12416,-23,28,-87,72996,1540453625315
-12928,-704,10112,-13168,-5248,-12496,-22,39,-84,73016,1540453625320
-12992,-576,10112,-12960,-5200,-12368,-25,20,-63,73036,1540453625322
-13184,-640,10240,-13056,-5216,-12400,-25,40,-80,73056,1540453625326
-13312,-768,10368,-13056,-5088,-12400,-32,60,-77,73076,1540453625329
-13568,-1024,10112,-13040,-5232,-12480,-43,84,-74,73096,1540453625333
-13312,-832,9984,-12976,-5200,-12496,-52,102,-58,73116,1540453625390
-13504,-640,9728,-12928,-5216,-12528,-40,120,-28,73136,1540453625392
-13440,-640,9728,-12912,-5248,-12576,-50,122,-40,73156,1540453625395
-13312,-704,9792,-12832,-5216,-12608,-57,132,-19,73176,1540453625444
-13120,-960,9856,-12912,-5216,-12608,-46,147,-37,73196,1540453625447
-13056,-768,9984,-12864,-5248,-12608,-34,156,-34,73216,1540453625453
-12992,-768,9984,-12864,-5248,-12624,-42,163,-29,73236,1540453625494
-13184,-640,9856,-12896,-5168,-12608,-52,153,3,73256,1540453625497
-13056,-704,9856,-12880,-5200,-12624,-43,153,-18,73276,1540453625501
-12992,-512,9664,-12832,-5200,-12624,-49,257,-85,73296,1540453625545
-12800,-832,9664,-12768,-5232,-12800,-36,175,-36,73316,1540453625597
-13056,-960,9984,-12784,-5216,-12784,-45,161,-34,73336,1540453625600
-13312,-896,9792,-12720,-5216,-12832,-50,197,-36,73356,1540453625606
-13248,-832,9728,-12656,-5216,-12800,-68,170,-11,73376,1540453625609
-13184,-704,9792,-12640,-5248,-12832,-45,190,13,73396,1540453625650
-13184,-960,9728,-12640,-5216,-12832,-52,175,2,73416,1540453625653
-12992,-704,9792,-12704,-5248,-12848,-31,183,-3,73436,1540453625659
-12800,-832,9728,-12608,-5216,-12816,-30,195,-14,73456,1540453625701
-12864,-832,9728,-12704,-5200,-12848,-43,195,-2,73476,1540453625704
-12864,-768,9856,-12736,-5216,-12704,-26,186,12,73496,1540453625753
-12736,-704,9536,-12720,-5216,-12816,-32,168,6,73516,1540453625804
-12672,-640,9792,-12736,-5200,-12736,-35,128,-5,73536,1540453625806
-12672,-832,9920,-12768,-5248,-12832,-43,127,-1,73556,1540453625810
-12864,-832,9792,-12672,-5136,-12832,-46,152,-26,73576,1540453625813
-13312,-1088,9792,-12704,-5232,-12896,-34,211,-38,73596,1540453625857
-13440,-1216,10112,-12560,-5232,-12848,-40,252,-13,73616,1540453625909
-13184,-1024,10112,-12624,-5248,-12912,-46,232,-10,73636,1540453625913
-12864,-512,10560,-12544,-5088,-12672,-50,211,-20,73656,1540453625918
-12672,-320,10176,-12544,-5200,-12672,-36,184,-24,73676,1540453625960
-12544,-512,10048,-12688,-5168,-12576,-46,185,-16,73696,1540453625963
-12672,-640,9984,-12720,-5184,-12640,-34,201,-27,73716,1540453625968
-12736,-896,10048,-12624,-5168,-12704,-49,197,-33,73736,1540453625970
-12736,-960,10048,-12672,-5216,-12736,-53,183,-10,73756,1540453626010
-12544,-704,9920,-12576,-5040,-12736,-51,178,-14,73776,1540453626014
-12608,-640,9856,-12704,-5216,-12704,-47,165,-38,73796,1540453626019
-12800,-704,9792,-12640,-5088,-12800,-34,181,-37,73816,1540453626062
-12672,-960,9920,-12592,-5248,-12848,-33,196,-52,73836,1540453626067
-12480,-1152,9920,-12528,-5168,-12880,-56,188,-46,73856,1540453626114
-12608,-1024,10048,-12592,-5312,-12928,-66,151,-32,73876,1540453626119
-12416,-1024,10176,-12576,-5216,-12928,-75,179,-63,73896,1540453626124
-12352,-1344,10048,-12640,-5296,-13008,-46,136,-89,73916,1540453626166
-11968,-1024,10112,-12608,-5312,-12992,-44,145,-105,73936,1540453626170
-12416,-960,9728,-12720,-5360,-13040,-9,156,-82,73956,1540453626217
-12608,-704,10304,-12640,-5296,-12976,-26,125,-60,73976,1540453626220
-12928,-832,10240,-12576,-5296,-12992,-40,155,-72,73996,1540453626268
-12608,-832,10304,-12576,-5312,-12896,-42,130,-70,74016,1540453626270
-12672,-768,10304,-12592,-5360,-12896,-65,155,-79,74036,1540453626376
-12608,-768,10368,-12640,-5328,-12896,-57,154,-81,74056,1540453626379
-12608,-640,10304,-12544,-5328,-12896,-52,153,-73,74076,1540453626425
-12672,-640,10304,-12496,-5360,-12896,-57,156,-66,74096,1540453626429
-12416,-768,10112,-12496,-5120,-12880,-48,152,-51,74116,1540453626476
-12480,-832,10240,-12512,-5328,-12896,-63,188,-74,74136,1540453626527
-12480,-832,10240,-12512,-5328,-12880,-60,150,-28,74158,1540453626529
-12672,-832,10240,-12432,-5328,-12960,-80,139,-64,74178,1540453626533
-12480,-960,10432,-12352,-5344,-12976,-79,98,-37,74198,1540453626578
-12416,-960,10304,-12400,-5328,-13056,-75,134,-73,74218,1540453626630
-12352,-768,10368,-12400,-5296,-13072,-49,161,-82,74238,1540453626632
-12544,-640,10496,-12368,-5408,-13120,-36,149,-85,74258,1540453626681
-12928,-576,10432,-12272,-5200,-13024,-28,164,-65,74278,1540453626685
-12992,-832,10432,-12336,-5408,-13072,-14,156,-20,74298,1540453626731
-12800,-768,10176,-12304,-5408,-12992,-27,178,-5,74318,1540453626735
-12736,-704,10432,-12272,-5376,-13040,-43,188,-20,74338,1540453626782
-12736,-512,10368,-12208,-5360,-12960,-46,180,-20,74358,1540453626784
-12672,-640,10304,-12320,-5376,-13104,-61,186,10,74378,1540453626833
-12480,-640,10432,-12288,-5248,-13024,-28,189,1,74398,1540453626835
-12416,-768,10112,-12352,-5392,-13040,-50,196,2,74418,1540453626883
-12352,-448,10176,-12304,-5360,-13040,-26,186,12,74438,1540453626886
-12352,-512,10176,-12368,-5392,-13104,-21,162,26,74458,1540453626889
-12096,-576,9984,-12336,-5328,-13024,-9,142,9,74478,1540453626935
-12096,-576,9984,-12352,-5360,-13056,-16,118,-7,74498,1540453626937
-12160,-512,9984,-12288,-5280,-13072,-21,134,-1,74518,1540453626993
-12352,-704,9984,-12336,-5376,-13088,-18,114,13,74538,1540453626997
-12352,-832,10112,-12320,-5328,-13072,-17,108,-1,74558,1540453626999
-12416,-832,10112,-12336,-5344,-13120,-22,116,4,74578,1540453627042
-12416,-896,10176,-12320,-5296,-13024,-24,120,4,74598,1540453627095
-12416,-960,10240,-12336,-5328,-13120,-11,117,-18,74618,1540453627098
-12352,-1024,10176,-12320,-5312,-13104,-10,90,-31,74638,1540453627145
-12416,-960,10176,-12336,-5344,-13136,-29,88,-49,74658,1540453627197
-12608,-1088,10368,-12320,-5280,-13152,-23,93,-34,74678,1540453627200
-12928,-1088,10304,-12320,-5312,-13216,-32,115,-3,74698,1540453627205
-12608,-1408,10304,-12352,-5296,-13088,-40,139,-28,74718,1540453627246
-12800,-1152,10496,-12416,-5360,-13120,-18,146,-45,74738,1540453627248
-12480,-1088,10240,-12448,-5280,-13024,-41,130,-32,74758,1540453627297
-12672,-1152,10240,-12416,-5296,-13056,-42,144,-30,74778,1540453627346
-12672,-1088,10368,-12368,-5296,-13104,-68,130,-33,74798,1540453627349
-12544,-896,10048,-12384,-5312,-13136,-69,135,-46,74818,1540453627450
-12544,-1088,10048,-12368,-5232,-13104,-41,155,-50,74838,1540453627454
-12736,-1152,10176,-12352,-5248,-13136,-55,150,-49,74858,1540453627502
-12288,-896,10112,-12320,-5280,-13072,-54,137,-46,74878,1540453627505
-12096,-704,10176,-12288,-5312,-13024,-72,99,-74,74898,1540453627553
-12160,-768,9792,-12368,-5264,-12912,-58,88,-95,74918,1540453627604
-12480,-1024,10176,-12464,-5296,-12928,-67,90,-54,74938,1540453627607
-12544,-1088,10240,-12528,-5296,-12848,-62,76,-50,74958,1540453627658
-12544,-960,10048,-12496,-5296,-12768,-50,92,-53,74998,1540453627662
-12800,-768,10048,-12384,-5264,-12832,-51,95,-58,75018,1540453627712
-12800,-768,10048,-12448,-5296,-12896,-58,108,-18,75038,1540453627715
-12864,-768,10176,-12368,-5264,-12864,-43,107,-40,75058,1540453627720
-12864,-832,10176,-12448,-5232,-12896,-39,129,-68,75078,1540453627764
-12672,-896,10240,-12320,-5312,-12848,-54,114,-41,75118,1540453627814
-12736,-576,10240,-12304,-5136,-12752,-51,111,-53,75138,1540453627816
-12736,-768,10304,-12272,-5344,-12896,-39,132,-40,75238,1540453627866
-12736,-960,10176,-12320,-5104,-12880,-34,127,-24,75258,1540453627870
-12608,-704,10240,-12384,-5280,-12864,-34,119,-27,75278,1540453627922
-12672,-768,9728,-12352,-5216,-12896,-26,139,-43,75298,1540453627924
-12736,-896,10240,-12304,-5328,-12992,-33,116,-39,75358,1540453627975
-12416,-832,10240,-12336,-5296,-12928,-29,114,-17,75378,1540453627979
-12672,-896,10176,-12288,-5280,-12864,-21,129,-23,75418,1540453628026
-12800,-896,10112,-12320,-5280,-12960,-16,124,-32,75438,1540453628030
-12480,-768,10240,-12304,-5248,-12880,-21,124,-33,75458,1540453628034
-12672,-960,10112,-12304,-5360,-12992,-7,118,-28,75478,1540453628079
-12480,-1024,10240,-12240,-5312,-13040,-28,104,-31,75498,1540453628081
-12416,-832,9856,-12224,-5328,-13088,-21,65,-24,75538,1540453628129
-12288,-1024,10048,-12240,-5360,-13152,-5,63,-59,75558,1540453628131
-13056,-896,10048,-12208,-5328,-13136,-26,75,-35,75598,1540453628181
-13184,-1024,10176,-12176,-5328,-13120,-19,118,-46,75618,1540453628184
-13184,-1152,10240,-12240,-5392,-13168,-4,116,-27,75638,1540453628231
-13184,-1152,10112,-12240,-5312,-13088,-23,127,-31,75658,1540453628282
-12736,-832,9792,-12160,-5344,-13152,1,171,-51,75718,1540453628332
-12864,-1088,10112,-12192,-5328,-13168,-4,166,-24,75738,1540453628335
-12736,-1024,10176,-12192,-5312,-13184,-10,150,-19,75758,1540453628387
-12736,-1088,9920,-12160,-5376,-13104,-19,154,-22,75778,1540453628442
-12608,-1088,9984,-12192,-5376,-13184,-20,143,-9,75798,1540453628446
-12544,-1216,10048,-12144,-5312,-13120,-13,130,-20,75818,1540453628450
-12672,-1088,10112,-12208,-5296,-13040,-19,137,-18,75838,1540453628497
-12736,-1152,9856,-12160,-5360,-13088,-26,155,-45,75858,1540453628550
-12800,-1152,10112,-12160,-5360,-13104,-40,140,-10,75898,1540453628553
-12800,-1088,9984,-12160,-5328,-13120,-42,137,-13,75918,1540453628556
-12928,-1088,10240,-12224,-5344,-13120,-36,145,-23,75938,1540453628601
-12928,-1152,10176,-12224,-5232,-13088,-52,171,-37,75958,1540453628603
-12736,-960,10112,-12192,-5328,-13184,-50,154,-16,75978,1540453628658
-12672,-1088,10112,-12192,-5344,-13120,-40,160,-18,75998,1540453628662
-12352,-1024,9728,-12128,-5136,-13056,-29,137,-32,76078,1540453628708
-12544,-1024,10112,-12240,-5312,-13056,-26,140,-40,76098,1540453628761
-12544,-960,9792,-12256,-5312,-13120,-15,104,-50,76138,1540453628765
-13056,-1216,10176,-12240,-5312,-13104,-57,113,-22,76178,1540453628809
-12928,-1088,9984,-12160,-5296,-13040,-35,91,9,76198,1540453628812
-12992,-832,10048,-12240,-5344,-13120,-31,121,-19,76218,1540453628863
-13056,-1088,10240,-12176,-5328,-13120,-33,171,-31,76258,1540453628865
-12864,-1088,10112,-12240,-5264,-13072,-43,168,-45,76298,1540453628869
-12800,-896,9984,-12256,-5152,-13024,-38,146,-14,76318,1540453628914
-12800,-896,9920,-12304,-5312,-13040,-36,129,-9,76338,1540453628964
-12352,-896,9664,-12304,-5296,-13024,-32,155,-36,76358,1540453629015
-12736,-1024,9984,-12368,-5344,-13072,-24,168,-40,76378,1540453629070
-12800,-1088,9792,-12336,-5312,-13008,-20,181,-23,76398,1540453629127
-12352,-960,9856,-12464,-5312,-12944,-21,133,-32,76438,1540453629131
-12480,-896,9856,-12560,-5296,-12992,-28,101,-20,76458,1540453629176
-12544,-1152,9728,-12480,-5296,-13072,-18,125,-38,76498,1540453629228
-12992,-1088,9920,-12448,-5376,-13072,-24,125,-10,76538,1540453629230
-12864,-1088,9920,-12352,-5264,-12992,-39,105,-4,76558,1540453629284
-12864,-1216,9920,-12464,-5360,-13104,-48,112,-22,76578,1540453629333
-12864,-1216,9856,-12448,-5312,-13040,-39,164,-20,76618,1540453629336
-12672,-1216,10048,-12416,-5344,-13072,-19,156,-28,76638,1540453629340
-12800,-1280,10048,-12464,-5312,-13040,-43,144,-19,76658,1540453629383
-12608,-1088,9920,-12448,-5312,-13040,-47,139,-9,76678,1540453629385
-12608,-1088,9920,-12480,-5312,-13056,-50,114,-28,76698,1540453629433
-12672,-1216,9856,-12448,-5344,-13120,-49,133,-49,76718,1540453629484
-12608,-1088,9728,-12544,-5376,-13104,-60,129,-12,76798,1540453629487
-12608,-832,9728,-12512,-5344,-13120,-50,103,-37,76838,1540453629536
-12928,-960,9792,-12496,-5376,-13104,-42,112,-38,76878,1540453629538
-13056,-1152,9984,-12512,-5376,-13088,-50,116,-20,76918,1540453629587
-13184,-1024,9920,-12432,-5344,-13104,-47,119,-12,76938,1540453629643
-12800,-1088,9856,-12480,-5312,-13168,-48,126,-12,76978,1540453629647
-13056,-1216,9984,-12512,-5328,-13200,-52,151,-33,77038,1540453629693
-12928,-960,10112,-12528,-5312,-13152,-57,153,-48,77078,1540453629698
-12992,-896,9728,-12432,-5264,-13088,-57,156,-25,77098,1540453629701
-12800,-960,9728,-12464,-5392,-13104,-55,153,-29,77118,1540453629744
-12608,-896,9792,-12496,-5328,-13120,-40,156,-24,77158,1540453629747
-12608,-960,9856,-12432,-5264,-13072,-52,136,-23,77178,1540453629799
-12672,-960,9600,-12496,-5312,-13120,-49,136,-6,77198,1540453629801
-12544,-1152,9792,-12480,-5264,-13104,-36,133,-43,77218,1540453629848
-12544,-896,9792,-12464,-5296,-13072,-50,86,-54,77258,1540453629850
-12736,-960,9792,-12544,-5312,-13168,-68,110,-31,77278,1540453629899
-12992,-960,9856,-12528,-5296,-13152,-45,111,-17,77298,1540453629901
-13056,-960,9856,-12640,-5248,-13088,-59,123,-13,77338,1540453629952
-13120,-1088,10240,-12624,-5280,-13120,-62,112,-5,77378,1540453629954
-12928,-896,10112,-12656,-5232,-13056,-58,146,-31,77418,1540453630005
-12800,-704,9984,-12624,-5280,-13088,-54,146,-32,77438,1540453630007
-12672,-768,9984,-12624,-5216,-13040,-62,130,-18,77458,1540453630055
-13248,-704,9856,-12688,-5200,-12944,-61,125,-19,77478,1540453630110
-12864,-1024,9984,-12672,-5152,-12992,-48,161,-29,77518,1540453630112
-12864,-960,9792,-12656,-5248,-12960,-66,167,-11,77538,1540453630116
-12928,-768,9728,-12688,-5200,-12928,-60,133,-5,77558,1540453630165
-13056,-704,9792,-12688,-5232,-12928,-59,131,-3,77578,1540453630169
-12800,-832,9792,-12720,-5248,-12928,-40,118,-2,77598,1540453630173
-12928,-896,9856,-12720,-5264,-12928,-56,165,65,77618,1540453630216
-12928,-960,9984,-12560,-5056,-12992,-36,166,-27,77638,1540453630218
-13120,-640,10368,-12640,-5184,-12960,-43,170,-11,77658,1540453630323
-12864,-640,9984,-12640,-5200,-12912,-38,153,-18,77698,1540453630326
-12992,-832,9984,-12672,-5200,-12928,-38,156,-40,77738,1540453630329
-13056,-832,9984,-12624,-5088,-12928,-43,161,-24,77758,1540453630375
-12800,-896,9920,-12640,-5152,-12928,-20,161,-23,77778,1540453630425
-12800,-768,9856,-12656,-5120,-12896,-24,163,-24,77798,1540453630428
-12992,-704,9984,-12608,-5008,-12800,-38,150,-8,77838,1540453630478
-12608,-704,9984,-12640,-5104,-12880,-35,121,-19,77878,1540453630481
-12608,-960,9728,-12720,-5200,-12896,-36,124,-23,77898,1540453630529
-12544,-960,9728,-12672,-5168,-12896,-41,117,-43,77918,1540453630531
-12736,-1024,9472,-12752,-5216,-12960,-45,117,-24,77938,1540453630535
-12864,-768,9664,-12704,-5184,-12896,-37,120,-45,77958,1540453630580
-12800,-640,9792,-12736,-5232,-12928,-35,131,-26,77978,1540453630584
-12864,-960,9920,-12672,-5184,-12896,-35,110,-31,77998,1540453630631
-13120,-896,9984,-12752,-5200,-12976,-24,148,-41,78018,1540453630682
-12992,-960,9984,-12736,-5136,-12960,-48,134,-26,78058,1540453630684
-12608,-768,10304,-12688,-5120,-12832,-31,124,-35,78118,1540453630732
-12800,-768,9984,-12800,-5184,-12912,-40,136,-37,78138,1540453630735
-12864,-960,9920,-12768,-5152,-12864,-34,142,-42,78158,1540453630784
-13248,-832,9792,-12704,-5168,-12864,-43,127,4,78198,1540453630786
-12608,-896,9728,-12752,-5136,-12896,-12,134,-29,78238,1540453630837
-12864,-704,9792,-12784,-5216,-12864,-18,133,-38,78258,1540453630840
-12928,-768,9856,-12720,-5152,-12880,-23,149,-35,78278,1540453630888
-12992,-832,9856,-12720,-5232,-12896,-40,142,-32,78298,1540453630890
-12800,-896,10112,-12736,-5152,-12864,-47,128,-27,78318,1540453630893
-13056,-576,9920,-12704,-5120,-12800,-34,118,-20,78338,1540453630942
-12800,-704,9856,-12704,-5152,-12848,-38,118,-20,78358,1540453630945
-13056,-768,9856,-12752,-5168,-12880,-33,133,-31,78378,1540453631049
-12800,-896,9920,-12752,-5168,-12864,-35,150,-27,78438,1540453631052
-12864,-768,9728,-12752,-5056,-12848,-29,154,-28,78458,1540453631055
-12672,-832,9728,-12736,-5168,-12848,-28,157,-38,78478,1540453631060
-12800,-768,9728,-12672,-5072,-12800,-41,147,-39,78498,1540453631063
-12544,-896,9728,-12768,-5216,-12880,-36,133,-26,78518,1540453631098
-12800,-1088,9920,-12736,-5168,-12864,-46,154,-33,78558,1540453631154
-12928,-704,9728,-12688,-5200,-12880,-46,132,-32,78598,1540453631156
-12672,-768,9856,-12672,-5008,-12880,-54,116,-16,78618,1540453631205
-12672,-768,9664,-12688,-5184,-12880,-43,138,-32,78638,1540453631207
-12864,-832,9728,-12688,-5168,-12896,-44,151,-40,78658,1540453631260
-12800,-832,9792,-12736,-5184,-12896,-34,125,-20,78678,1540453631265
-12608,-704,9728,-12672,-5120,-12800,-37,116,-30,78698,1540453631308
-12864,-512,9792,-12768,-5216,-12816,-35,119,-34,78718,1540453631312
-12800,-704,9792,-12704,-5136,-12816,-21,119,-56,78738,1540453631362
-12672,-832,9984,-12736,-5136,-12832,-42,110,-14,78778,1540453631364
-12928,-832,10048,-12736,-5232,-12912,-61,134,-10,78798,1540453631368
-13248,-896,9792,-12656,-5056,-12816,-53,120,1,78818,1540453631412
-13120,-704,9920,-12720,-5232,-12864,-55,115,10,78838,1540453631415
-12800,-640,9792,-12688,-5184,-12912,-36,122,-3,78858,1540453631464
-12992,-640,9856,-12720,-5184,-12880,-37,153,-17,78878,1540453631468
-12864,-640,9856,-12640,-5152,-12880,-36,134,-15,78918,1540453631516
-12544,-576,9728,-12640,-5136,-12848,-25,110,-16,78958,1540453631519
-12736,-512,9600,-12640,-5184,-12880,-37,114,-9,78978,1540453631523
-12864,-768,9792,-12688,-5168,-12928,-37,118,-18,78998,1540453631566
-13184,-896,9856,-12624,-5200,-12976,-32,122,-24,79038,1540453631618
-13248,-832,9792,-12496,-5152,-12816,-31,129,-25,79058,1540453631621
-13120,-576,9792,-12656,-5152,-12816,-28,138,-33,79078,1540453631673
-12992,-640,9792,-12640,-5152,-12736,-16,136,-38,79098,1540453631677
-12928,-960,9984,-12640,-5152,-12880,-28,123,-44,79138,1540453631725
-12928,-896,9984,-12688,-5168,-12864,-33,131,-40,79158,1540453631728
-12928,-768,9920,-12608,-5136,-12864,-26,133,-47,79178,1540453631776
-13120,-704,9728,-12592,-5152,-12848,-35,140,-39,79198,1540453631882
-13120,-896,9856,-12592,-5120,-12864,-37,146,-45,79218,1540453631885
-13120,-704,9664,-12576,-5120,-12864,-41,138,-17,79238,1540453631889
-12992,-896,9792,-12624,-5168,-12880,-43,157,-38,79258,1540453631932
-12800,-768,9664,-12560,-5056,-12880,-34,147,-43,79278,1540453631935
-12416,-640,9472,-12480,-4928,-12768,-30,94,-33,79318,1540453631982
-12672,-512,9600,-12544,-5136,-12752,-4,89,-34,79338,1540453632038
-12800,-768,9536,-12544,-4992,-12928,-17,-29,4,79358,1540453632040
-13440,-960,9792,-12624,-5120,-12960,-24,112,-81,79398,1540453632092
-13888,-768,9792,-12688,-5088,-12912,-27,115,-37,79418,1540453632096
-13376,-832,9792,-12544,-5040,-12976,-28,123,-33,79438,1540453632143
-13248,-832,10048,-12608,-5168,-12992,-27,142,-33,79458,1540453632195
-13120,-768,9792,-12544,-5152,-12976,-18,177,-42,79518,1540453632197
-12928,-896,9856,-12672,-5136,-13024,-9,179,-56,79538,1540453632244
-12928,-768,9728,-12592,-5120,-12992,-31,151,-52,79578,1540453632246
-13184,-896,9856,-12592,-5120,-12896,-19,138,-32,79598,1540453632298
-12992,-896,9856,-12624,-5056,-12992,-25,141,-6,79678,1540453632301
-12928,-896,9600,-12576,-5136,-13040,-22,111,6,79698,1540453632348
-12992,-768,9472,-12576,-5152,-13040,-33,138,-10,79718,1540453632352
-12992,-896,9728,-12624,-5136,-13072,-34,164,-42,79738,1540453632356
-12928,-960,9536,-12656,-5184,-13056,-24,162,-55,79778,1540453632456
-13056,-896,9792,-12592,-5120,-13040,-12,179,-41,79798,1540453632459
-12992,-1024,9728,-12592,-5200,-13088,-30,154,-54,79818,1540453632511
-12928,-960,9664,-12576,-5104,-13072,-38,166,-76,79878,1540453632515
-12992,-1152,9856,-12576,-5152,-13056,-22,187,-90,79898,1540453632559
-13184,-1152,9728,-12560,-5120,-12976,-29,198,-83,79918,1540453632563
-13120,-1024,9920,-12512,-5216,-13056,-15,176,-66,79938,1540453632612
-12992,-960,9920,-12576,-5184,-12976,-30,189,-83,79978,1540453632616
-13120,-1088,9920,-12608,-5168,-12848,-30,201,-60,79998,1540453632664
-12672,-832,9664,-12640,-5184,-12800,-52,173,-28,80058,1540453632717
-12800,-960,9792,-12640,-5120,-12832,-58,168,-22,80078,1540453632720
-12544,-1024,9664,-12640,-5152,-12896,-49,168,-50,80098,1540453632725
-12672,-1024,9600,-12672,-5120,-12816,-38,180,-65,80118,1540453632769
-12864,-1088,9792,-12576,-5104,-12848,-32,188,-60,80138,1540453632820
-12352,-1088,9792,-12640,-5168,-12816,-37,174,-44,80158,1540453632823
-12416,-960,9792,-12640,-5104,-12816,-41,150,-50,80178,1540453632826
-12736,-1088,9600,-12432,-5056,-12800,-12,118,-70,80258,1540453632875
-13120,-1024,9856,-12496,-5152,-12784,-13,105,-34,80278,1540453632927
-12992,-1344,9984,-12480,-5072,-12848,-42,123,-53,80298,1540453632930
-12800,-1216,10048,-12656,-5072,-12704,-28,133,-58,80338,1540453632979
-13120,-1088,9920,-12720,-5184,-12624,-42,131,-33,80358,1540453632983
-13056,-1152,10240,-12752,-5136,-12672,-55,145,-30,80398,1540453632988
-13056,-1216,9984,-12752,-5040,-12624,-54,152,-17,80418,1540453633029
-12864,-1088,10112,-12768,-5152,-12608,-63,155,-25,80438,1540453633032
-12992,-1088,9984,-12800,-5136,-12608,-67,147,-13,80478,1540453633080
-12928,-1088,9856,-12784,-5120,-12656,-46,186,-23,80498,1540453633082
-12672,-1088,9856,-12720,-5200,-12672,-49,182,-19,80518,1540453633130
-12672,-768,9728,-12752,-5152,-12640,-34,152,-23,80538,1540453633183
-12608,-1216,9856,-12720,-5184,-12688,-41,132,-24,80598,1540453633186
-12544,-1344,9600,-12768,-5184,-12640,-49,149,-25,80618,1540453633192
-12544,-1344,9664,-12784,-5216,-12720,-44,134,-18,80638,1540453633234
-12416,-1152,9536,-12736,-5200,-12656,-37,119,-12,80658,1540453633286
-12416,-960,9472,-12736,-5152,-12656,-17,88,-27,80698,1540453633338
-12928,-1216,9856,-12720,-5200,-12704,-14,90,-11,80718,1540453633392
-13056,-1280,10048,-12592,-5152,-12768,-63,87,-9,80758,1540453633394
-12992,-960,10112,-12528,-5120,-12752,-49,91,-29,80778,1540453633444
-13120,-704,9728,-12512,-5152,-12800,-29,93,-23,80798,1540453633495
-12928,-1152,9856,-12464,-5136,-12784,-48,86,-20,80818,1540453633498
-12928,-1216,9984,-12544,-5184,-12864,-58,87,-15,80838,1540453633504
-13184,-1280,9856,-12480,-5120,-12880,-69,107,-21,80858,1540453633545
-13184,-1280,9856,-12448,-5168,-12880,-61,104,-20,80878,1540453633548
-12928,-1152,9792,-12480,-5136,-12752,-62,112,-18,80898,1540453633653
-12864,-1088,9664,-12480,-5120,-12816,-77,123,-41,80938,1540453633657
-12672,-960,9600,-12512,-5152,-12800,-52,104,-32,80978,1540453633661
-12864,-1024,9856,-12560,-5024,-12816,-49,119,-42,80998,1540453633706
-12992,-960,9920,-12528,-5120,-12752,-49,111,-35,81018,1540453633759
-13248,-1024,9984,-12512,-5152,-12800,-60,119,-30,81078,1540453633763
-12928,-832,9920,-12560,-5136,-12816,-60,120,-31,81138,1540453633811
-13120,-896,9728,-12640,-5200,-12784,-42,122,-50,81178,1540453633814
-13056,-1024,9728,-12512,-5088,-12864,-49,129,-45,81198,1540453633917
-12928,-1024,9728,-12480,-5200,-12816,-43,134,-52,81238,1540453633920
-13184,-832,9664,-12592,-5200,-12800,-56,129,-62,81258,1540453633924
-12864,-960,9472,-12576,-5216,-12800,-37,125,-24,81298,1540453633928
-13120,-960,9536,-12608,-5136,-12800,-29,148,-37,81318,1540453633970
-13184,-1024,9664,-12592,-5216,-12784,-24,150,-26,81338,1540453633973
-13120,-896,9408,-12576,-5184,-12800,-38,151,-26,81358,1540453634021
-12928,-832,9792,-12592,-5200,-12800,-17,124,-7,81418,1540453634024
-12864,-832,9664,-12592,-5120,-12784,-23,129,-9,81438,1540453634073
-13056,-1216,9920,-12592,-5152,-12864,-7,162,-19,81478,1540453634129
-13248,-1088,9728,-12624,-5248,-12832,-25,153,-1,81498,1540453634131
-13056,-960,9792,-12592,-5232,-12912,-23,124,9,81538,1540453634136
-12864,-1152,9600,-12624,-5168,-12896,-30,129,-20,81558,1540453634181
-12800,-1088,9664,-12640,-5216,-12912,-30,142,-12,81578,1540453634231
-12736,-1216,9664,-12656,-5232,-12928,-27,153,-17,81598,1540453634234
-12928,-1216,9664,-12656,-5200,-12960,-29,165,-17,81618,1540453634287
-12928,-960,9664,-12624,-5232,-12912,-31,130,-6,81678,1540453634290
-12928,-896,9728,-12672,-5232,-12976,-20,155,-18,81698,1540453634338
-13120,-1024,9728,-12656,-5152,-12896,-24,180,-41,81718,1540453634342
-13248,-1088,9664,-12704,-5168,-12976,-27,169,-3,81738,1540453634391
-12800,-704,9728,-12720,-5168,-12944,-18,121,-17,81778,1540453634395
-12736,-768,9728,-12736,-5168,-12864,-27,133,-39,81798,1540453634442
-12992,-1088,9856,-12688,-5152,-12944,-31,155,-20,81838,1540453634492
-12992,-1088,9792,-12704,-5056,-12976,-28,150,-25,81858,1540453634497
-13056,-1024,9664,-12688,-5184,-12944,-46,150,-22,81898,1540453634502
-12928,-1088,9664,-12672,-5184,-12896,-50,136,-20,81918,1540453634548
-12864,-1024,9472,-12672,-5152,-12976,-47,122,-23,81938,1540453634597
-13056,-1024,9792,-12672,-5184,-12896,-36,146,-28,81958,1540453634600
-12928,-960,9728,-12640,-5072,-12928,-51,90,-33,82018,1540453634648
-12928,-1088,9600,-12704,-5168,-12992,-29,95,-13,82038,1540453634650
-13056,-1024,9728,-12704,-5184,-12976,-27,139,-39,82078,1540453634654
-13312,-1152,9792,-12656,-5152,-13024,-42,142,-26,82098,1540453634699
-12992,-1088,9792,-12656,-5200,-12960,-56,134,-14,82118,1540453634701
-12864,-896,9664,-12720,-5184,-12992,-57,130,-15,82138,1540453634750
-12864,-896,9664,-12688,-5200,-12992,-58,140,-28,82158,1540453634753
-13248,-960,9536,-12672,-5216,-13008,-47,116,-15,82198,1540453634801
-12800,-896,9664,-12688,-5152,-13104,-57,151,-39,82218,1540453634852
-12736,-896,9600,-12640,-5216,-13072,-36,141,-44,82258,1540453634855
-12736,-1088,9664,-12656,-5264,-13168,-31,124,-30,82278,1540453634858
-12800,-1152,9728,-12640,-5232,-13184,-61,113,-25,82298,1540453634902
-13120,-896,9600,-12704,-5264,-13136,-44,133,-28,82318,1540453634958
-12928,-768,9856,-12624,-5232,-13104,-49,135,-30,82378,1540453634961
-12800,-768,9664,-12608,-5280,-13104,-42,116,-45,82398,1540453634963
-12864,-704,9856,-12592,-5232,-13056,-36,123,-45,82418,1540453635010
-13056,-832,9728,-12640,-5232,-13136,-32,118,-27,82438,1540453635113
-12736,-768,9664,-12608,-5216,-13088,-36,153,-41,82458,1540453635115
-13056,-832,9664,-12560,-5280,-13088,-24,147,-63,82478,1540453635163
-12992,-832,9536,-12560,-5200,-13040,-41,125,-31,82498,1540453635165
-12928,-832,9536,-12560,-5200,-13056,-31,109,-15,82518,1540453635170
-12736,-896,10112,-12448,-5328,-13072,-49,132,-14,82558,1540453635213
-13056,-960,9536,-12080,-5440,-12912,-295,-23,19,82598,1540453635215
-13312,-960,9792,-11856,-5472,-12768,-296,-13,118,82618,1540453635265
-12672,-1408,10880,-11440,-5776,-12560,-230,7,30,82638,1540453635316
-12800,-960,9408,-11376,-5824,-12384,-220,-60,13,82658,1540453635318
-13696,-192,9984,-11120,-5952,-12080,-265,-90,111,82678,1540453635369
-14080,64,9600,-10688,-6064,-11472,-44,23,33,82738,1540453635371
-13632,256,9600,-10464,-6000,-11216,-16,75,40,82758,1540453635374
-14336,512,9408,-10448,-5984,-10976,11,110,54,82778,1540453635418
-13952,1088,9152,-10256,-5808,-10624,164,174,58,82798,1540453635421
-13696,1088,9408,-10080,-5632,-10256,225,190,62,82838,1540453635474
-13248,1024,9024,-9952,-5584,-10192,312,210,98,82878,1540453635477
-13376,704,9472,-9872,-5376,-10496,391,132,238,82938,1540453635525
-12416,-256,8896,-10128,-5136,-10880,386,142,204,82958,1540453635529
-13376,-128,8512,-10400,-5088,-11008,442,115,284,82978,1540453635534
-13248,-192,9024,-10784,-4896,-11424,437,132,266,82998,1540453635576
-13632,-448,9088,-11184,-4896,-11632,409,111,314,83018,1540453635579
-12864,-768,9152,-11968,-4752,-12080,423,117,273,83038,1540453635629
-13632,-896,8960,-12432,-4752,-12240,427,112,268,83058,1540453635680
-13568,-1280,8768,-13040,-4528,-12944,481,102,273,83118,1540453635730
-13312,-1152,8704,-13104,-4512,-13088,446,154,245,83138,1540453635733
-13696,-1152,8832,-13008,-4352,-13312,415,113,285,83158,1540453635781
-13696,-1216,8448,-12976,-4352,-13344,419,147,253,83178,1540453635783
-13376,-1216,8448,-12896,-4240,-13376,392,118,282,83198,1540453635831
-13568,-1216,8192,-12960,-4176,-13360,386,105,285,83218,1540453635833
-13696,-1088,8064,-12992,-4064,-13360,376,129,274,83238,1540453635883
-14080,-1088,8320,-13280,-3936,-13536,355,124,234,83278,1540453635886
-13888,-1536,8384,-13440,-3920,-13680,344,127,226,83298,1540453635893
-13760,-1664,8448,-13552,-3904,-14000,334,110,205,83318,1540453635935
-13760,-2176,8640,-13680,-3840,-14112,289,99,191,83338,1540453635937
-13696,-2112,8768,-13664,-3824,-14368,280,113,161,83358,1540453635986
-13952,-2240,8896,-13680,-3760,-14480,237,133,167,83378,1540453635989
-14336,-2368,8896,-13632,-3648,-14624,210,129,160,83398,1540453636039
-14464,-2176,8832,-13968,-3552,-14848,118,173,94,83478,1540453636043
-14016,-2432,9024,-13968,-3440,-14880,63,196,20,83498,1540453636048
-14016,-2816,9216,-13936,-3472,-14720,6,188,57,83518,1540453636095
-13952,-2432,8960,-13872,-3424,-14592,-46,213,8,83538,1540453636097
-13440,-2432,9088,-14000,-3328,-14544,-126,185,-22,83578,1540453636147
-13120,-2176,8832,-14016,-3440,-14432,-134,164,-58,83598,1540453636149
-13312,-1856,9088,-13968,-3456,-14416,-186,174,-136,83638,1540453636198
-13376,-1856,9024,-13824,-3456,-14448,-206,151,-150,83658,1540453636201
-13568,-1664,8832,-13728,-3536,-14336,-230,151,-135,83678,1540453636205
-13888,-1472,8960,-13632,-3360,-14352,-257,153,-151,83698,1540453636248
-14016,-1344,8704,-13568,-3536,-14256,-270,181,-162,83718,1540453636251
-13888,-1216,8832,-13536,-3584,-14304,-259,176,-160,83738,1540453636298
-13760,-1344,8896,-13440,-3632,-14160,-292,181,-171,83758,1540453636302
-13632,-1280,8896,-13424,-3648,-14048,-289,176,-175,83778,1540453636349
-13248,-1280,8704,-13248,-3568,-13552,-333,164,-202,83818,1540453636352
-13248,-832,8832,-13232,-3632,-13328,-352,136,-204,83838,1540453636400
-13376,-512,8640,-13136,-3584,-12960,-332,154,-181,83858,1540453636402
-13120,-256,8512,-13088,-3680,-12816,-323,134,-171,83878,1540453636407
-12992,-192,8768,-12976,-3712,-12704,-325,108,-153,83898,1540453636451
-13248,-64,8896,-12992,-3744,-12512,-307,82,-170,83918,1540453636453
-13504,64,8896,-12800,-3696,-12256,-287,87,-161,83938,1540453636502
-13696,64,8960,-12704,-3792,-12048,-270,80,-159,83958,1540453636504
-14080,192,8896,-12528,-3856,-11856,-219,99,-169,83998,1540453636552
-13824,-128,9024,-12560,-3856,-11904,-199,113,-192,84018,1540453636554
-13824,-320,8960,-12528,-3920,-11952,-184,135,-195,84038,1540453636602
-14080,-640,8960,-12576,-3952,-12096,-191,142,-182,84058,1540453636604
-13888,-896,8832,-12544,-3984,-12112,-199,128,-174,84078,1540453636608
-13888,-832,8768,-12688,-3968,-12224,-200,125,-162,84098,1540453636652
-13632,-832,8768,-12800,-3984,-12240,-224,125,-137,84118,1540453636654
-13440,-1024,8832,-12976,-4032,-12368,-232,117,-157,84138,1540453636703
-13504,-1152,9152,-12976,-4080,-12368,-227,121,-200,84178,1540453636705
-13312,-1024,9280,-12928,-4032,-12320,-229,105,-195,84198,1540453636754
-13504,-832,9216,-12848,-4080,-12208,-223,107,-216,84218,1540453636756
-13632,-384,9152,-12864,-4176,-12144,-215,118,-237,84238,1540453636805
-13696,-320,9152,-12720,-4112,-12128,-200,110,-228,84258,1540453636807
-13696,-448,9088,-12704,-4288,-12176,-179,120,-220,84278,1540453636811
-13696,-320,8960,-12592,-4224,-12128,-174,124,-203,84298,1540453636858
-13568,-384,8896,-12672,-4240,-12144,-166,123,-208,84318,1540453636862
-13504,-832,9024,-12752,-4256,-12256,-171,107,-166,84358,1540453636909
-13312,-960,8960,-12752,-4352,-12224,-196,103,-176,84378,1540453636912
-13312,-1024,8832,-12848,-4352,-12208,-197,103,-177,84398,1540453636962
-13120,-1152,8640,-12864,-4352,-12160,-203,82,-165,84418,1540453637014
-13248,-1280,8832,-13040,-4272,-12240,-215,87,-169,84438,1540453637016
-13312,-1216,8768,-13008,-4464,-12160,-213,69,-163,84458,1540453637019
-12992,-1088,8832,-13088,-4448,-12128,-220,55,-165,84478,1540453637063
-13184,-896,8768,-13056,-4464,-12192,-204,37,-168,84498,1540453637114
-13568,-640,8832,-13008,-4496,-12256,-179,38,-174,84538,1540453637118
-13696,-896,9088,-12912,-4480,-12400,-186,52,-185,84558,1540453637165
-14016,-1088,9152,-12832,-4512,-12384,-195,73,-183,84578,1540453637220
-14016,-1152,9408,-12880,-4608,-12464,-195,70,-177,84598,1540453637223
-14144,-960,9344,-12928,-4624,-12384,-202,90,-157,84618,1540453637270
-13888,-896,9088,-12944,-4656,-12304,-205,92,-146,84638,1540453637272
-14080,-768,8896,-12976,-4608,-12176,-204,105,-145,84658,1540453637322
-13952,-640,8832,-12928,-4672,-12048,-208,125,-143,84678,1540453637325
-13952,-576,8704,-12944,-4640,-11808,-196,129,-110,84718,1540453637329
-13632,-320,8832,-12944,-4688,-11712,-175,117,-88,84758,1540453637375
-13696,-128,9024,-12864,-4720,-11648,-161,126,-87,84778,1540453637426
-13504,0,8768,-12912,-4624,-11568,-141,114,-56,84798,1540453637475
-13568,64,8768,-12864,-4736,-11408,-116,147,-62,84818,1540453637479
-13312,0,8832,-12736,-4720,-11248,-103,78,-7,84858,1540453637527
-14592,-320,8704,-12928,-4656,-11152,-48,127,-28,84898,1540453637577
-14464,-640,8512,-12928,-4672,-11312,-38,107,33,84918,1540453637580
-14208,-1024,8832,-12992,-4640,-11344,-46,149,-51,84938,1540453637583
-14144,-1152,8640,-13008,-4672,-11520,-66,151,-23,84978,1540453637629
-13632,-1280,8640,-13088,-4704,-11600,-77,149,-6,84998,1540453637632
-13120,-768,8832,-13216,-4688,-11712,-41,108,-40,85038,1540453637681
-13760,-704,8640,-13120,-4736,-11872,-24,121,-62,85078,1540453637684
-14208,-768,8832,-13056,-4720,-11888,-22,131,-54,85098,1540453637687
-14144,-896,8960,-13024,-4720,-11936,-15,153,-50,85118,1540453637733
-14144,-640,8768,-12992,-4720,-11888,5,166,-46,85138,1540453637783
-13952,-768,8512,-13056,-4688,-11824,0,170,-42,85158,1540453637785
-13376,-960,8576,-13168,-4720,-11760,-9,128,-49,85198,1540453637836
-13696,-832,8640,-13184,-4768,-11808,1,114,-48,85258,1540453637839
-14208,-896,8640,-13072,-4720,-11792,3,123,-38,85278,1540453637943
-14272,-832,8896,-13008,-4640,-11952,0,150,-7,85298,1540453637946
-14016,-960,8832,-13088,-4768,-12096,-18,163,-1,85338,1540453637950
-13824,-832,8704,-13088,-4688,-12064,-13,178,-14,85358,1540453637996
-13696,-832,8768,-13056,-4736,-12112,-4,175,-20,85378,1540453638047
-13376,-704,8704,-13152,-4688,-11952,6,157,-23,85398,1540453638049
-13632,-448,8704,-13104,-4704,-11872,41,148,-39,85438,1540453638053
-13952,-768,8576,-13072,-4688,-12016,51,163,-47,85458,1540453638097
-14016,-1152,8896,-13056,-4672,-12016,34,167,-34,85478,1540453638150
-13888,-1344,8768,-13088,-4624,-12256,30,164,-9,85498,1540453638153
-13888,-1088,8768,-13136,-4656,-12160,15,155,-8,85518,1540453638201
-13888,-1152,8640,-13104,-4640,-12272,16,165,-8,85558,1540453638203
-13888,-1216,8768,-13136,-4688,-12416,1,162,-18,85578,1540453638253
-13824,-1152,8832,-13200,-4688,-12336,-3,183,-6,85618,1540453638255
-13632,-1088,8704,-13152,-4656,-12240,7,173,-8,85638,1540453638306
-13312,-1152,8768,-13120,-4624,-12224,12,161,-11,85698,1540453638308
-13504,-1024,8768,-13168,-4736,-12144,4,164,-27,85718,1540453638360
-13632,-1152,8640,-13136,-4672,-12336,2,152,-12,85738,1540453638363
-13440,-1152,8768,-13088,-4672,-12288,-15,137,-20,85758,1540453638410
-13888,-1152,8832,-13056,-4672,-12384,-18,144,-16,85818,1540453638413
-13888,-896,8704,-13024,-4656,-12400,-5,159,-23,85838,1540453638462
-13696,-1024,8960,-13040,-4688,-12416,-11,160,-17,85858,1540453638513
-13568,-1344,8832,-12944,-4656,-12336,-29,147,-19,85898,1540453638564
-13568,-1280,8704,-12960,-4688,-12320,-30,149,-39,85918,1540453638567
-13760,-1152,9024,-12976,-4704,-12368,-23,159,-36,85938,1540453638570
-13504,-1152,8832,-12944,-4720,-12480,-48,147,-26,85978,1540453638614
-13632,-1280,8704,-13008,-4672,-12416,-29,155,-31,85998,1540453638664
-13376,-1024,8896,-13024,-4672,-12384,-17,138,-20,86038,1540453638667
-13696,-832,8832,-13056,-4704,-12304,-23,157,-52,86058,1540453638767
-13632,-1152,8960,-13024,-4736,-12352,-27,163,-37,86078,1540453638770
-13632,-1152,8960,-13056,-4624,-12256,-36,137,-5,86098,1540453638774
-13504,-1280,8768,-12976,-4704,-12224,-54,149,-21,86118,1540453638820
-13440,-960,8960,-13008,-4624,-12176,-32,133,-1,86178,1540453638822
-13376,-896,9152,-13024,-4528,-12144,-29,133,-13,86198,1540453638871
-13952,-832,8896,-13040,-4592,-12064,-39,155,-23,86218,1540453638874
-13952,-960,9024,-12976,-4560,-12160,-29,166,-10,86238,1540453638925
-13568,-960,9088,-12928,-4576,-12112,-36,146,-7,86258,1540453638929
-13504,-1216,8960,-13040,-4640,-12256,-27,141,-13,86338,1540453638934
-13696,-1216,8896,-13024,-4592,-12336,-30,159,-12,86358,1540453638976
-13696,-1216,9152,-12976,-4624,-12192,-26,129,51,86378,1540453638980
-13248,-1024,8768,-12976,-4576,-12320,-31,148,-41,86398,1540453639027
-13568,-1088,8704,-13008,-4608,-12192,-29,153,-20,86418,1540453639031
-13888,-1024,8768,-12944,-4592,-12176,-28,146,-13,86458,1540453639135
-13312,-1024,8960,-12592,-4608,-11936,-40,137,-35,86538,1540453639138
-13504,-1024,8832,-12528,-4448,-11936,-43,121,-22,86558,1540453639143
-13760,-896,8896,-12512,-4592,-11872,-46,129,-32,86578,1540453639186
-13824,-1024,9024,-12496,-4592,-11968,-55,151,-29,86598,1540453639238
-13504,-960,8960,-12528,-4624,-11936,-60,140,-18,86618,1540453639241
-13504,-768,8832,-12544,-4592,-11984,-54,115,-19,86638,1540453639245
-13760,-704,8768,-12560,-4624,-11904,-26,122,-26,86658,1540453639288
-13696,-1280,9088,-12592,-4608,-11984,-22,138,-40,86698,1540453639398
-13696,-1280,8960,-12560,-4592,-12000,-54,141,-42,86718,1540453639401
-13696,-1152,8704,-12560,-4576,-11936,-50,142,-23,86738,1540453639404
-13568,-896,8896,-12544,-4560,-11920,-44,146,-27,86758,1540453639447
-13568,-832,8832,-12608,-4608,-11920,-44,128,-22,86778,1540453639498
-13440,-960,8960,-12640,-4608,-12032,-40,123,-31,86798,1540453639500
-13632,-1152,8896,-12624,-4560,-12032,-37,111,-53,86818,1540453639549
-13440,-832,8832,-12464,-4624,-11808,-30,111,-24,86898,1540453639600
-13568,-896,8768,-12432,-4608,-11808,-26,123,-34,86918,1540453639602
-13952,-832,8768,-12400,-4624,-11920,-16,129,-10,86938,1540453639605
-13760,-1152,9088,-12368,-4608,-11968,-33,128,-16,86958,1540453639703
-13824,-960,8832,-12304,-4592,-11904,-23,155,-20,86998,1540453639706
-13952,-1024,8832,-12208,-4592,-12000,-32,142,-1,87018,1540453639758
-13568,-1280,8832,-12336,-4576,-12016,-34,129,-26,87058,1540453639763
-13568,-1152,8832,-12368,-4608,-11984,-42,131,-15,87078,1540453639865
-13760,-1152,8640,-12448,-4576,-12064,-30,145,-38,87118,1540453639867
-13504,-1152,8832,-12400,-4576,-12032,-39,131,-18,87158,1540453639871
-13376,-960,8768,-12336,-4496,-12048,-44,110,-14,87178,1540453639973
-13824,-1024,8896,-12336,-4640,-12000,-60,112,-18,87258,1540453639976
-13888,-768,8704,-12384,-4576,-11920,-45,136,-36,87278,1540453640026
-13696,-960,8896,-12544,-4624,-12048,-41,116,-40,87298,1540453640031
-13632,-1216,9024,-12576,-4576,-12064,-58,128,-42,87318,1540453640077
-13952,-960,8960,-12560,-4592,-11936,-52,146,-40,87358,1540453640080
-14016,-896,8896,-12544,-4608,-12048,-57,132,-31,87378,1540453640129
-13888,-960,9088,-12576,-4672,-12048,-45,149,-25,87418,1540453640180
-13824,-832,8768,-12592,-4528,-11984,-55,169,-38,87458,1540453640230
-13696,-832,8896,-12672,-4656,-11920,-46,163,-27,87498,1540453640235
-13568,-832,8832,-12672,-4656,-11808,-35,144,-32,87518,1540453640237
-13568,-768,8448,-12672,-4624,-11808,-47,146,-20,87538,1540453640337
-13568,-1088,8832,-12704,-4624,-11888,-50,127,-8,87598,1540453640340
-13888,-960,8768,-12720,-4672,-11856,-50,135,-1,87638,1540453640344
-13824,-1024,8576,-12800,-4608,-11888,-48,136,-8,87658,1540453640386
-13696,-1024,9024,-12816,-4608,-11888,-37,133,-25,87718,1540453640438
-13568,-1152,8832,-12848,-4608,-11952,-63,129,-19,87778,1540453640440
-13632,-1024,8896,-12848,-4656,-11888,-59,141,-31,87798,1540453640492
-13632,-960,8512,-12848,-4656,-11984,-53,137,-16,87838,1540453640496
-13504,-1088,8896,-12880,-4640,-11936,-63,133,-37,87858,1540453640501
-13312,-960,8896,-12816,-4656,-11952,-62,93,-28,87878,1540453640543
-13504,-896,8832,-12768,-4624,-11792,-51,111,-27,87898,1540453640595
-13824,-704,8512,-12736,-4528,-11920,-52,125,-51,87918,1540453640598
-13760,-640,8704,-12688,-4576,-11904,-54,140,-34,87998,1540453640602
-14144,-896,8640,-12720,-4624,-11856,-53,126,-39,88018,1540453640645
-13696,-832,8832,-12720,-4592,-11952,-52,130,-33,88038,1540453640696
-13760,-768,8640,-12736,-4496,-11872,-39,142,-52,88078,1540453640699
-13696,-960,8704,-12720,-4656,-11744,-42,114,-51,88138,1540453640704
-13568,-704,8896,-12720,-4592,-11760,-48,122,-35,88158,1540453640803
-13824,-896,8768,-12784,-4624,-11840,-52,109,-52,88198,1540453640806
-14016,-832,8960,-12752,-4608,-11760,-53,127,-44,88218,1540453640810
-13888,-896,8768,-12736,-4624,-11824,-50,135,-38,88238,1540453640814
-13888,-768,8768,-12672,-4656,-11728,-44,145,-30,88258,1540453640903
-13824,-832,8832,-12768,-4592,-11856,-44,137,-33,88278,1540453640906
-13760,-640,8704,-12816,-4608,-11776,-46,140,-40,88318,1540453640910
-13888,-768,8704,-12736,-4672,-11760,-36,150,-36,88338,1540453640955
-13952,-704,8704,-12736,-4688,-11824,-25,161,-39,88358,1540453641010
-13632,-704,8768,-12736,-4640,-11808,-30,150,-34,88378,1540453641012
-13632,-640,8768,-12816,-4608,-11792,-28,139,-34,88398,1540453641062
-13696,-640,8512,-12752,-4704,-11664,-17,139,-26,88418,1540453641064
-13632,-768,8640,-12752,-4640,-11680,-19,137,-12,88458,1540453641112
-13824,-896,8448,-12704,-4640,-11792,-17,148,-28,88498,1540453641163
-13696,-768,8640,-12688,-4688,-11776,-22,146,-16,88518,1540453641166
-13888,-704,8832,-12656,-4640,-11840,-11,145,-28,88558,1540453641214
-14016,-704,8832,-12608,-4672,-11760,10,151,-29,88578,1540453641265
-13888,-768,9216,-12640,-4672,-11888,0,148,-15,88598,1540453641269
-13824,-1024,8896,-12704,-4640,-11840,-9,154,4,88618,1540453641271
-13760,-832,8768,-12640,-4688,-11936,-2,157,6,88678,1540453641316
-13504,-1024,8576,-12736,-4672,-11984,0,161,-5,88698,1540453641367
-13504,-1024,8768,-12704,-4672,-11968,-10,164,-22,88718,1540453641369
-13760,-1024,8448,-12736,-4656,-12000,-15,154,-21,88738,1540453641423
-13632,-1088,8576,-12688,-4672,-11968,-12,147,-21,88758,1540453641427
-13376,-896,8704,-12768,-4688,-11952,-30,119,-29,88798,1540453641433
-13696,-1024,8384,-12704,-4704,-12032,-30,115,-32,88818,1540453641475
-13952,-1152,8704,-12672,-4528,-12176,-15,147,-28,88858,1540453641528
-13760,-960,8704,-12640,-4624,-12064,-24,125,-22,88918,1540453641530
-13824,-960,8704,-12736,-4496,-12096,-26,143,-56,88938,1540453641637
-13760,-960,8704,-12816,-4624,-12064,-30,125,-51,88958,1540453641640
-13568,-1088,8704,-12704,-4576,-12112,-30,128,-100,88978,1540453641644
-12800,-448,8064,-11920,-4608,-12336,126,48,-550,89038,1540453641648
-12992,-1152,9152,-11296,-4352,-12960,169,-15,-593,89058,1540453641743
-14400,-1792,8256,-10784,-4320,-13216,140,166,-674,89078,1540453641746
-14336,-2240,8384,-9760,-3664,-14496,145,-139,-77,89098,1540453641749
-13440,-2304,8064,-8560,-2256,-15888,-81,-121,-496,89138,1540453641795
-15104,-1728,7552,-7776,-1872,-15632,-34,-83,-139,89158,1540453641797
-14080,-1408,8192,-4672,-1712,-15232,-56,-62,-41,89178,1540453641845
-15744,192,8256,-1696,-2080,-15152,-170,-568,223,89218,1540453641848
-15680,-896,7872,-528,-2640,-15360,-158,-759,396,89238,1540453641852
-14144,-2048,8576,2512,-4016,-15520,-178,-798,328,89258,1540453641896
-15680,-960,6656,3296,-5184,-16592,129,-551,406,89298,1540453641898
-12864,-1216,6656,2592,-5136,-17104,172,-251,24,89318,1540453642004
-15040,-1600,7040,-5472,-4144,-19200,10,-735,382,89358,1540453642008
-15872,-768,5312,-8880,-3712,-14448,-38,-427,390,89418,1540453642014
-15872,-704,4864,-9024,-3632,-13776,-26,-223,394,89438,1540453642053
-15168,-832,4608,-9504,-3792,-12976,-379,31,166,89458,1540453642104
-17792,-2496,7168,-8976,-3872,-9936,-207,-54,222,89498,1540453642106
-16512,-1856,5312,-7824,-3760,-6320,-114,-422,295,89518,1540453642154
-16768,768,3840,-5200,-3792,-4336,13,-378,214,89538,1540453642209
-13376,768,7360,-2640,-4256,288,270,684,-962,89578,1540453642211
-14144,1216,4864,-1984,-4144,1376,63,-190,-730,89598,1540453642318
-14208,768,5312,-1632,-4096,1872,748,1354,-1076,89618,1540453642322
-13824,448,1728,-592,-3600,1296,568,492,-705,89638,1540453642326
-12608,-704,6720,-224,-3200,592,-191,-1048,-502,89658,1540453642369
-13632,-1536,5760,-288,-2752,-704,-274,-1462,-265,89678,1540453642372
-14144,-1472,4160,-320,-2832,-1248,-344,-1474,-269,89698,1540453642421
-13504,-6656,5504,-6256,-2320,-3472,-1136,-895,-1433,89758,1540453642471
-17280,-3968,1536,-11344,-3264,-272,-776,-1006,-874,89798,1540453642474
-14848,-3520,1984,-12048,-3872,1136,-836,-1157,-961,89818,1540453642480
-15232,-2944,768,-12080,-4864,3424,-732,-1232,-1016,89838,1540453642527
-15424,-5056,512,-11312,-6032,5232,-598,-1185,-979,89878,1540453642529
-16384,-5248,-192,-11072,-6240,5552,-530,-977,-829,89898,1540453642576
-16128,-6016,-1728,-10464,-6672,6224,-211,-621,-575,89938,1540453642580
-15488,-5760,-1792,-10128,-6784,6384,-210,-368,-677,89958,1540453642626
-18560,-8512,-3072,-9808,-6848,6640,-153,-109,-288,89998,1540453642679
-17536,-11520,-1856,-9648,-6864,6816,-376,-219,-273,90038,1540453642681
-17920,-7552,320,-10048,-6448,6400,1463,2089,232,90118,1540453642730
-13312,-11584,-31552,-10224,-6320,6368,4590,1271,301,90138,1540453642733
-18816,-9280,4928,-10272,-5936,5712,2859,3039,686,90158,1540453642784
-17664,-5824,2880,-10544,-5632,5616,1663,3494,-222,90178,1540453642841
-21504,-4352,5184,-10912,-5392,5440,1571,4468,-1265,90198,1540453642845
-17792,-4160,10560,-11216,-5280,5392,-37,2510,-3108,90238,1540453642849
-24000,-13248,6720,-11104,-5328,5472,-729,1902,-920,90258,1540453642893
-16320,-7424,6656,-11312,-5648,5840,-662,2818,-819,90298,1540453643001
-15168,-7552,6720,-11424,-5696,5872,-147,2709,-1332,90318,1540453643051
-11968,-6336,7168,-11520,-5744,6032,677,2819,-1259,90338,1540453643055
-10368,-7552,6912,-11584,-5776,6016,269,3090,-1136,90358,1540453643104
-9856,-7872,7296,-11664,-5840,6128,41,2676,-710,90378,1540453643107
-8768,-9408,8384,-11824,-5904,6192,-484,2303,-69,90398,1540453643154
-4480,-9216,8896,-12016,-6064,6544,398,1710,-1208,90478,1540453643157
-1472,-9152,8896,-11888,-6176,6624,74,1577,-1254,90498,1540453643204
-2496,-11072,8512,-11968,-6192,6672,334,2000,-1750,90518,1540453643258
-1984,-11264,8768,-11776,-6224,6720,553,1829,-2302,90538,1540453643311
1536,-11776,9408,-11456,-6480,6768,-43,764,-2323,90578,1540453643314
1536,-11904,8832,-11248,-6528,6736,107,566,-2946,90598,1540453643362
2240,-11392,8384,-10736,-6672,6736,266,273,-3273,90618,1540453643413
3008,-12416,9472,-9792,-6640,6624,504,-225,-4562,90658,1540453643463
5056,-9984,9600,-8496,-6352,6528,50,-506,-4447,90698,1540453643569
7360,-6016,9664,-7136,-6080,6592,-488,145,-3079,90758,1540453643573
10816,-448,10112,-5984,-5296,6656,-201,235,-2097,90838,1540453643576
11328,896,10688,-5728,-5088,6608,-109,71,-1821,90858,1540453643620
9920,-640,10496,-5616,-4960,6640,-262,17,-1586,90878,1540453643670
9856,-896,10048,-5440,-4864,6640,-295,81,-1224,90898,1540453643673
10304,-448,10048,-5344,-4704,6720,-364,46,-970,90918,1540453643677
9536,-64,10752,-5232,-4560,6768,-137,240,-936,90958,1540453643721
10944,1536,10048,-5040,-4224,6640,8,517,-344,91018,1540453643723
12928,1728,9472,-4976,-4144,6656,-526,395,296,91038,1540453643771
14208,448,8704,-5040,-4176,6624,270,228,-1116,91078,1540453643875
13120,192,10048,-4960,-3952,6560,41,248,-513,91118,1540453643878
12928,512,9536,-4880,-3872,6528,232,202,-701,91138,1540453643984
10944,-1088,10496,-4736,-3360,6368,382,628,-2127,91218,1540453643987
9280,-4608,11776,-4720,-3184,6352,417,830,-1969,91238,1540453644034
15616,7936,7616,-4576,-2720,6256,395,-918,446,91318,1540453644137
13312,9536,8192,-4624,-2784,6288,360,-1180,1478,91338,1540453644140
7744,7104,9600,-4480,-3232,6384,709,-831,2344,91378,1540453644188
9472,-704,9088,-4656,-3552,6480,2092,-630,1604,91418,1540453644191
8960,-4992,9344,-4704,-3648,6544,1792,-679,1775,91438,1540453644239
9536,-6080,5184,-4704,-3728,6576,1531,-575,1722,91458,1540453644242
8192,-5952,10560,-4816,-3776,6544,1392,-470,1457,91478,1540453644293
8640,-7168,11072,-4880,-3968,6608,1194,-477,1450,91498,1540453644297
8768,-8000,11136,-4976,-4000,6704,1010,-384,1255,91518,1540453644400
7232,-7872,11456,-5056,-4176,6704,986,-58,1154,91558,1540453644403
5440,-8128,12416,-5136,-4384,6608,689,779,1527,91618,1540453644407
7232,-7296,10560,-5520,-4560,6368,622,979,-810,91658,1540453644454
5888,-11968,8512,-5360,-4016,6016,974,914,-150,91738,1540453644505
10112,-13248,8000,-5424,-3696,5744,1721,-927,686,91798,1540453644507
6528,-14656,6720,-5232,-3504,5728,2020,-1315,985,91838,1540453644510
5888,-15488,6848,-5248,-3488,5840,2222,-1659,984,91858,1540453644555
-1536,-13824,128,-4832,-3344,6352,1240,-3082,584,91938,1540453644611
3840,-13440,4608,-4512,-3312,6656,1514,-2568,804,91958,1540453644614
2432,-14016,2944,-4304,-3344,7088,694,-1211,577,91998,1540453644618
2880,-15744,2688,-4288,-3376,7216,1018,-1356,1027,92018,1540453644713
4416,-17984,2752,-4160,-3440,7312,2379,-912,1877,92038,1540453644716
-960,-19392,448,-4272,-3568,7360,2118,-1252,1307,92058,1540453644718
640,-16832,3648,-4224,-3920,7504,2200,-761,1811,92098,1540453644765
-8448,-6656,7232,-4384,-4416,7104,941,2701,2619,92158,1540453644869
-4224,-16384,3648,-4832,-4784,6800,436,1613,2753,92178,1540453644872
-4480,-15936,-2368,-4976,-4992,6592,1498,2419,3828,92198,1540453644922
-8896,-12352,3136,-5680,-5568,6224,-1665,2440,5975,92218,1540453644925
-11264,-15360,-704,-7776,-7280,6672,-1675,-1419,3862,92278,1540453644975
-5568,-16192,-9536,-8192,-7664,7072,-1031,-5762,-427,92298,1540453644979
-19648,-9152,4416,-7984,-7696,7280,242,-985,1797,92318,1540453644984
-17920,-9728,6464,-8320,-7824,7488,-468,2717,3343,92358,1540453645029
-15744,-6272,6592,-9120,-7920,7616,-2330,2676,4042,92378,1540453645080
-17728,-3776,-5120,-9712,-8032,7840,-1300,904,3861,92398,1540453645133
-14080,-7552,-4160,-10592,-8080,8160,-726,-66,1366,92418,1540453645137
-18880,-3072,-8000,-10816,-8112,8416,180,-2261,638,92478,1540453645240
-14272,-3072,11008,-11040,-7984,8336,-659,2281,543,92498,1540453645243
-16832,-4736,2624,-11056,-8032,8464,-810,703,295,92518,1540453645292
-16064,-2944,5312,-11136,-8112,8800,-1494,633,-333,92558,1540453645296
-19392,6208,7744,-10800,-8080,9424,-75,4092,1465,92638,1540453645345
-11584,-4096,7040,-11024,-7936,9712,-1891,2894,2004,92658,1540453645348
-14464,-4544,7232,-11408,-7616,10256,-1747,4478,387,92698,1540453645398
-14720,-256,6016,-11328,-7488,10528,-1476,3817,629,92718,1540453645449
-13952,64,4736,-11184,-7376,10880,-777,1795,626,92738,1540453645454
-13696,960,8576,-11200,-7280,10992,-536,1297,541,92758,1540453645457
-13824,1344,8512,-11200,-7216,10976,-285,595,506,92778,1540453645555
-12544,3712,9216,-11408,-6992,10768,203,-796,257,92838,1540453645558
-12416,3712,9088,-11488,-6992,10528,206,-900,23,92858,1540453645606
-15936,2432,8512,-11568,-6848,10080,118,-641,323,92918,1540453645715
-15616,2368,9344,-11568,-6816,9904,90,-416,498,92938,1540453645718
-15424,2112,8384,-11472,-6800,9664,19,-394,210,92998,1540453645721
-15360,3008,7168,-11376,-6784,9536,21,-85,274,93038,1540453645765
-13952,3264,7424,-11056,-6832,9568,12,-90,191,93078,1540453645769
-13696,3392,7168,-10880,-6848,9600,1,-101,147,93098,1540453645817
-14656,3264,6976,-10608,-6800,9680,62,-334,204,93118,1540453645823
-14976,3584,6336,-10480,-6880,9696,117,-408,225,93138,1540453645871
-15168,3392,6080,-9168,-6768,10448,125,-107,339,93198,1540453645919
-14464,3264,6848,-8832,-6816,10688,59,-30,351,93218,1540453645922
-14144,3520,7232,-8000,-6480,11456,-44,-109,278,93238,1540453646022
-14592,4032,7488,-7584,-6512,11968,2,-490,291,93258,1540453646024
-14336,1728,7488,-6864,-5616,14384,-126,-565,-42,93318,1540453646078
-16192,3328,6080,-7024,-5904,14144,-205,-133,184,93358,1540453646081
-15104,4800,4736,-7120,-6064,14048,-51,-61,98,93378,1540453646084
-15040,5248,3776,-7152,-6160,13824,82,-81,-19,93398,1540453646131
-15744,4224,4544,-6768,-6256,13936,211,-599,-23,93478,1540453646185
-15744,3968,4672,-6672,-6192,13920,138,-551,-84,93498,1540453646189
-15936,4224,3328,-6432,-6352,13872,93,-233,-65,93558,1540453646289
-15488,4608,3392,-6448,-6304,13904,34,50,-85,93578,1540453646292
-15808,4032,3136,-6224,-6320,13760,98,47,-74,93598,1540453646294
-15296,4224,3776,-6096,-6272,13760,72,115,-89,93618,1540453646395
-15680,3712,2752,-5840,-6320,13632,222,139,-91,93638,1540453646398
-15360,3968,4288,-4992,-6320,13808,202,419,-135,93718,1540453646401
-15232,3968,4544,-4752,-6224,13856,99,70,-188,93738,1540453646449
-16704,3840,4160,-4576,-6320,13776,-22,-153,-129,93798,1540453646501
-16640,3840,3840,-4576,-6288,13680,-47,-147,-111,93818,1540453646548
-16768,3456,3840,-4576,-6464,13600,-64,-71,-116,93838,1540453646551
-16512,3712,3904,-4608,-6352,13600,-85,-61,-158,93858,1540453646599
-16576,2304,3264,-4592,-6336,13584,-116,318,-261,93898,1540453646603
-19712,1728,4224,-4480,-6368,13376,-163,430,87,93938,1540453646653
-17728,3712,2624,-4544,-6304,13296,-174,713,8,93958,1540453646755
-18048,3072,3776,-4480,-6144,13344,-96,575,152,93978,1540453646758
-15296,3776,3904,-4560,-6160,13456,-102,211,68,94038,1540453646761
-14080,3392,3648,-4656,-6144,13520,-16,151,-18,94078,1540453646854
-14080,3072,3584,-4624,-5984,13568,14,188,-63,94098,1540453646857
-14208,3264,4096,-4688,-6144,13696,47,268,-122,94158,1540453646909
-14464,3392,4096,-4608,-6000,13712,33,77,-173,94178,1540453646914
-14976,3328,4224,-4672,-6144,13712,46,130,-180,94198,1540453646963
-15808,3200,4480,-4560,-6160,13696,38,213,-126,94218,1540453647070
-16640,3968,4800,-4304,-6080,13760,-67,284,-2,94298,1540453647123
-17088,3584,5120,-4288,-6112,13712,-104,170,8,94318,1540453647126
-16640,4032,4800,-4320,-6048,13760,-86,125,-12,94338,1540453647131
-16320,3968,4480,-4288,-6144,13712,-69,99,-15,94378,1540453647225
-16000,3904,4416,-4240,-6064,13712,-58,92,-12,94398,1540453647228
-15296,3584,4096,-4128,-6288,13408,-62,176,-10,94458,1540453647332
-15552,3520,4544,-4064,-6256,13504,-61,211,24,94518,1540453647335
-15168,3392,4288,-4032,-6240,13488,-36,223,66,94538,1540453647386
-15168,3456,4416,-4016,-6224,13520,-44,276,53,94558,1540453647391
-14528,3776,5184,-3872,-6176,13504,-41,221,-100,94638,1540453647394
-15040,3840,5120,-3888,-6288,13472,-40,214,-138,94658,1540453647436
-14784,3712,5056,-3936,-6240,13584,-53,158,-113,94678,1540453647441
-14720,3840,5248,-3904,-6272,13504,-51,78,-127,94698,1540453647487
-14720,3520,4928,-3840,-6352,13504,-48,9,-98,94738,1540453647491
-16448,3392,4672,-3776,-6320,13488,-33,114,-53,94818,1540453647588
-15488,5120,5184,-3664,-6272,13344,-103,11,-27,94878,1540453647591
-17088,4544,6208,-3712,-6416,13248,-34,154,-66,94898,1540453647594
-15744,3840,4672,-3536,-6288,13280,-32,166,-44,94918,1540453647639
-15616,3776,4288,-3808,-6480,13216,-196,-274,37,94998,1540453647692
-14272,4160,3968,-4128,-6352,12928,-158,-1488,-401,95038,1540453647696
-14912,3008,3456,-4848,-6672,12912,-376,-845,-448,95098,1540453647746
-15488,3264,2688,-5200,-6816,12768,-444,-285,-339,95118,1540453647749
-14272,4544,512,-5456,-6688,13056,-1066,-334,174,95158,1540453647753
-12352,4352,-5824,-5376,-6640,12960,-150,-20,-983,95178,1540453647800
-20608,640,1216,-4752,-6496,12160,241,-1124,-42,95198,1540453647852
-17792,-320,3200,-4576,-6496,12096,40,-875,-37,95218,1540453647857
-16000,1024,3456,-4384,-6784,11648,-328,-71,-297,95238,1540453647957
-17216,2176,896,-4256,-7024,11392,-344,204,-219,95258,1540453647960
-16768,2496,2048,-4224,-7424,10640,-643,362,-368,95278,1540453647962
-16704,2496,640,-4288,-7488,10384,-702,452,-315,95298,1540453648060
-16768,1600,832,-5216,-7536,10032,-660,241,-567,95378,1540453648063
-17408,1280,1280,-5504,-7648,9696,-661,272,-508,95398,1540453648066
-17472,1088,320,-5600,-7712,9584,-452,183,-274,95418,1540453648068
-17920,1600,768,-5792,-7760,9392,-431,165,-210,95438,1540453648110
-17600,1600,1152,-6000,-7872,9264,-588,312,-477,95478,1540453648166
-17088,1280,2624,-6224,-7808,9216,-826,918,-586,95518,1540453648168
-16960,384,2752,-6320,-7696,9328,-570,797,-95,95538,1540453648173
-17984,-64,1216,-6592,-7680,9360,-298,288,463,95558,1540453648216
-18624,-256,1280,-6752,-7472,9712,-270,461,485,95578,1540453648221
-16576,1344,384,-6848,-7072,10320,311,-468,496,95618,1540453648265
-16832,1600,896,-6832,-7040,10560,479,-837,370,95638,1540453648268
-14720,1984,1728,-6832,-6544,11696,155,-834,66,95718,1540453648318
-17152,1728,128,-6864,-6560,11776,274,-1047,17,95738,1540453648370
-15872,2496,-384,-6800,-6672,11664,256,-1061,-159,95758,1540453648418
-15616,2752,-192,-6640,-6640,11648,244,-1310,-301,95778,1540453648421
-17408,1920,-1792,-6560,-6720,11520,184,-1103,-436,95818,1540453648424
-16832,2176,-2688,-6576,-6800,11552,47,-218,-70,95838,1540453648471
-16576,2112,-2752,-6544,-6768,11472,4,1,-34,95878,1540453648473
-16768,1920,-1792,-6576,-6720,11472,-184,137,-241,95898,1540453648520
-16512,1536,-2304,-6736,-6656,11440,-597,852,-261,95938,1540453648523
-17216,1600,-2368,-6800,-6720,11456,-908,1573,-278,95958,1540453648570
-16192,1344,-960,-6976,-6640,11296,-582,156,108,95978,1540453648574
-14400,2368,1728,-7104,-6784,11152,-653,784,461,95998,1540453648577
-6400,4288,1344,-7344,-7168,10272,-1887,5457,-285,96018,1540453648622
-21504,3520,-448,-8256,-7872,8800,-1222,2869,-1493,96058,1540453648625
-18432,3712,-1600,-8432,-7872,8800,-669,1795,-390,96078,1540453648676
-16000,512,4160,-8768,-7888,8656,-640,1314,-438,96098,1540453648679
-15552,2368,5760,-9168,-7856,8464,-85,105,41,96158,1540453648729
-14592,1472,5632,-9200,-7888,8432,-103,183,-70,96178,1540453648732
-15680,1536,6336,-9248,-7904,8416,-186,149,-115,96198,1540453648781
-13184,3520,3968,-9184,-7856,8464,-32,-74,-216,96238,1540453648833
-15872,1984,5056,-9200,-7888,8528,-132,20,-71,96258,1540453648835
-17984,1280,5696,-9232,-7936,8496,-86,-176,-161,96278,1540453648879
-16384,1152,5696,-9200,-7968,8496,-165,-54,-106,96298,1540453648931
-16704,2176,4032,-9136,-7984,8528,-71,-74,49,96318,1540453648983
-17472,2240,4416,-9200,-7968,8528,-9,-243,199,96338,1540453648985
-17472,2112,4672,-9264,-7968,8512,-5,-319,212,96358,1540453648989
-15808,2112,3904,-9200,-8048,8464,43,-386,252,96378,1540453649035
-15360,2048,3392,-9184,-8128,8384,68,-388,172,96418,1540453649038
-15680,2496,3328,-9168,-8048,8384,49,-429,108,96438,1540453649086
-15488,2368,3840,-9152,-8128,8224,41,-569,126,96458,1540453649139
-15936,2560,3264,-9120,-8112,8208,-3,-568,103,96478,1540453649142
-16512,2432,3712,-9152,-8160,8112,-71,-455,-398,96498,1540453649192
-16704,2240,2688,-9008,-8192,8176,-176,286,-180,96518,1540453649196
-16320,2240,2368,-8976,-8080,8160,-111,205,-75,96558,1540453649242
-16512,2304,2624,-9056,-8160,8224,-40,202,29,96618,1540453649349
-16960,2240,2816,-8976,-8016,8256,5,172,51,96638,1540453649351
-13888,2496,3904,-8848,-7936,8272,32,149,118,96678,1540453649397
-17280,2432,2368,-8816,-8112,8288,101,68,31,96698,1540453649399
-17280,2688,2368,-8688,-7920,8400,252,60,328,96718,1540453649500
-16128,832,6912,-8288,-7920,8608,420,423,582,96778,1540453649503
-12736,3392,3072,-8096,-7392,8944,163,625,21,96798,1540453649552
-16320,1536,3328,-8048,-7536,9072,364,-305,488,96818,1540453649555
-20800,-192,2048,-7952,-7248,9456,149,-563,209,96838,1540453649599
-15616,3264,4288,-7968,-7296,9664,1296,246,68,96858,1540453649657
-14336,4544,4032,-8000,-7072,10352,-99,643,28,96898,1540453649662
-16960,4224,1920,-8144,-7008,10704,-21,290,5,96918,1540453649710
-16256,2944,3328,-8288,-6960,10784,35,295,29,96978,1540453649759
-15616,3264,3712,-8224,-6912,10848,18,204,8,96998,1540453649812
-15936,2944,3584,-8224,-6912,10896,33,144,20,97018,1540453649815
-16128,3136,3456,-8096,-6800,11040,136,-17,107,97138,1540453649862
-16192,3456,3584,-8048,-6896,11040,129,-15,112,97158,1540453649866
-15872,3264,3776,-8064,-6880,11072,102,-50,81,97178,1540453649913
-16064,3328,3328,-8064,-6864,11104,131,-40,62,97198,1540453650013
-16192,3776,2944,-7920,-6848,11136,248,172,-36,97238,1540453650018
-16448,3584,2880,-7776,-6912,11024,236,259,66,97278,1540453650065
-16192,3456,3712,-7360,-6880,11072,181,166,56,97338,1540453650116
-16320,3392,3520,-7328,-6928,11056,186,68,110,97358,1540453650167
-16064,3264,3520,-7216,-6880,11136,194,59,55,97378,1540453650215
-15808,3392,3520,-7056,-6832,11152,129,218,57,97418,1540453650267
-16192,3584,3712,-6848,-6928,11232,93,329,115,97458,1540453650319
-15744,3520,4160,-6672,-6720,11264,57,169,80,97498,1540453650372
-16256,3584,3776,-6608,-6816,11216,27,252,36,97538,1540453650425
-16064,3584,4096,-6496,-7024,11200,0,237,12,97598,1540453650429
-15936,3712,3968,-6496,-6928,11232,-2,263,15,97618,1540453650432
-15808,3648,4032,-6464,-6992,11200,-13,291,30,97638,1540453650479
-15744,3456,3840,-6416,-6992,11248,209,246,81,97678,1540453650533
-15552,3584,4736,-6256,-6944,11360,16,265,60,97718,1540453650585
-15424,3712,4416,-6224,-6928,11440,8,289,15,97738,1540453650638
-15104,3776,4480,-6160,-6928,11456,6,125,-24,97818,1540453650641
-15296,3392,4736,-6080,-6896,11456,-13,119,-18,97858,1540453650688
-15552,3328,4864,-6048,-6880,11472,3,76,13,97898,1540453650691
-15808,3200,4736,-6080,-6960,11520,4,12,103,97958,1540453650744
-16768,3008,4928,-5968,-6944,11552,-55,94,76,97998,1540453650797
-16576,3072,4352,-5952,-6880,11632,-110,61,106,98038,1540453650849
-15744,3584,4864,-6000,-6928,11680,-126,176,17,98078,1540453650851
-15744,3904,4672,-5984,-6960,11648,-127,150,9,98138,1540453650901
-15872,3712,4544,-6048,-6960,11632,-105,47,36,98178,1540453650952
-15872,3968,4160,-6096,-6944,11600,-94,67,87,98218,1540453650954
-15936,4096,4352,-6080,-6864,11664,-92,88,98,98238,1540453651056
-15424,3840,4480,-6112,-6752,11744,-155,120,92,98278,1540453651059
-15232,3840,4416,-6176,-6880,11680,-167,96,104,98298,1540453651216
-15424,3712,4416,-6080,-6736,11776,-184,114,68,98358,1540453651219
-15232,4096,4416,-6112,-6800,11776,-256,70,18,98418,1540453651318
-15808,4160,4224,-6160,-6640,11856,-251,78,77,98438,1540453651424
-16128,4224,4352,-6240,-6848,11856,-239,57,101,98458,1540453651689
-15808,4544,3904,-6288,-6736,11936,-227,10,131,98478,1540453651692
-15296,5056,2368,-6496,-6896,11968,-48,-110,56,98538,1540453651695
-15616,5760,2176,-6480,-7024,12000,-98,17,-92,98578,1540453651699
-15936,5952,1664,-6576,-7008,11968,-76,139,-90,98618,1540453651702
-15552,5824,1920,-6512,-6880,12048,-93,214,-110,98638,1540453651704
-15424,5632,2176,-6416,-7056,11856,-160,317,-226,98678,1540453651738
-15424,5376,2624,-6112,-7024,11728,-205,481,-240,98718,1540453651848
-15872,5568,3328,-5760,-7056,11472,-146,199,-189,98758,1540453651851
-15936,6336,3584,-5504,-7168,11216,-101,117,-199,98838,1540453651854
-15936,6208,3520,-5424,-7136,11168,-83,110,-189,98858,1540453651898
-16640,5760,4224,-5280,-7088,11072,-81,177,170,98978,1540453652006
-16448,6336,3776,-5312,-7072,11184,-83,-30,97,98998,1540453652010
-14720,6080,3328,-5600,-7040,11280,-32,27,-27,99078,1540453652013
-16384,6272,3456,-5440,-7072,11440,117,590,-71,99198,1540453652061
-17088,6464,3904,-5264,-6912,11536,127,480,-54,99218,1540453652064
-16640,6464,4544,-5168,-6992,11488,324,650,-103,99358,1540453652067
-16384,6336,4928,-5120,-6784,11472,327,552,-134,99378,1540453652111
-15616,5952,4672,-5152,-7056,11504,383,340,-216,99398,1540453652113
-16192,5120,4800,-5056,-6944,11536,432,351,-206,99418,1540453652163
-17344,2880,4480,-4880,-6752,11216,596,506,101,99498,1540453652213
-16128,1408,6144,-4768,-6576,10912,521,881,96,99538,1540453652217
-13504,960,6272,-4720,-6464,10896,369,744,81,99578,1540453652264
-12352,576,6336,-4720,-6464,10832,271,500,73,99598,1540453652316
-12928,128,6848,-4560,-6592,10736,95,52,-84,99658,1540453652369
-15040,640,7680,-4496,-6688,10496,71,-245,-147,99698,1540453652423
-15360,2240,5248,-4624,-6800,10032,315,-293,13,99758,1540453652522
-15680,2880,5312,-4720,-6704,9856,382,-294,56,99778,1540453652627
-17344,2944,5184,-4816,-6704,9728,502,-200,305,99798,1540453652680
-14848,2176,5376,-5072,-6512,9808,503,-240,168,99838,1540453652731
-14336,1664,5888,-5088,-6560,9776,465,-98,104,99858,1540453652832
-14336,1152,5952,-5168,-6528,9952,418,-20,49,99878,1540453652835
-13952,1152,6272,-5184,-6464,9968,350,-25,50,99898,1540453652838
-14464,640,6528,-5152,-6400,10112,303,-44,87,99918,1540453652884
-14848,512,6400,-5136,-6416,10032,284,1,99,99938,1540453652886
-15680,576,7104,-5024,-6384,10048,144,-110,187,99978,1540453652936
-16128,1088,7296,-5056,-6336,10064,88,-78,189,100018,1540453652939
-15872,960,7616,-5088,-6192,10096,16,-136,180,100038,1540453652943
-15296,1088,7744,-5152,-6384,10064,-49,-228,181,100058,1540453652987
-17920,960,6016,-5440,-6336,10128,-148,-131,147,100138,1540453652989
-15296,3264,7424,-5488,-6320,10064,-152,107,-32,100218,1540453653037
-15040,4032,7168,-5504,-6304,9968,-65,130,-35,100258,1540453653040
-7232,-3264,-256,-5712,-6288,9632,68,-81,275,100378,1540453653091
-14848,3584,7232,-5616,-6368,9200,118,-90,86,100438,1540453653142
-20032,1536,4160,-5568,-6256,9504,129,-260,-206,100498,1540453653146
-20544,2560,2304,-5296,-6016,9488,114,505,110,100558,1540453653193
-14272,2368,3712,-5280,-5856,8832,42,581,44,100598,1540453653245
-9088,320,-448,-5488,-5856,8656,447,208,-498,100638,1540453653297
-15040,2944,3136,-5456,-5888,8496,8,226,-342,100658,1540453653300
-15232,2240,1536,-5392,-5920,8736,-29,340,-381,100678,1540453653303
-17152,2240,1600,-5344,-5936,8896,-32,293,-312,100698,1540453653347
-16832,2112,2496,-4976,-5952,9056,-25,189,-73,100738,1540453653349
-16768,2112,3520,-4896,-6032,8960,-13,176,-21,100758,1540453653398
-16128,2368,4288,-4896,-6032,8816,-10,227,-33,100778,1540453653449
-15360,2368,4544,-4864,-6080,8816,-12,257,-84,100798,1540453653452
-14400,2752,4416,-4864,-6048,8832,8,204,-140,100818,1540453653500
-13696,3072,4416,-4912,-6096,8848,14,170,-179,100838,1540453653503
-13824,3328,3648,-4848,-6240,8896,83,136,-161,100878,1540453653506
-14656,3264,4864,-4688,-6304,8912,104,45,-247,100918,1540453653557
-15424,3008,5376,-4576,-6192,8912,67,94,-255,100938,1540453653561
-16128,3584,5632,-4464,-6352,8736,71,291,-264,100998,1540453653605
-15552,4160,5376,-4256,-6080,8608,115,418,-301,101018,1540453653659
-15744,3520,6592,-3984,-6368,8208,164,520,-283,101058,1540453653662
-15680,3328,6464,-3792,-6208,8208,163,521,-157,101098,1540453653666
-16064,3712,6912,-3760,-6320,8272,191,487,-72,101118,1540453653713
-15808,3776,6528,-3664,-6032,8432,209,338,-5,101138,1540453653822
-15552,3776,6528,-3664,-6256,8432,214,187,68,101158,1540453653824
-15680,3968,6336,-3696,-6176,8608,233,97,251,101178,1540453653826
-16256,2880,7104,-3696,-6192,8576,143,431,163,101218,1540453653876
-16192,2368,7744,-3744,-6240,8560,23,697,158,101238,1540453653978
-13568,2112,8384,-3632,-6208,8384,-157,878,-49,101278,1540453653981
-12800,2496,7936,-3488,-6176,8336,-132,832,49,101298,1540453653983
-11840,3328,6464,-3360,-6160,8384,-6,198,-183,101318,1540453654026
-12544,2240,5056,-3280,-6016,8560,107,-443,-214,101338,1540453654032
-19456,-320,4352,-3184,-6032,8640,165,-615,-14,101358,1540453654134
-23360,1536,5312,-3168,-6080,8880,315,443,114,101398,1540453654137
-20096,192,5632,-3264,-5904,8352,366,909,303,101418,1540453654140
-15360,-640,5760,-3232,-5808,7856,271,893,37,101458,1540453654186
-14464,-704,5888,-3296,-5808,7824,227,655,137,101478,1540453654237
-13632,-640,5632,-3328,-5760,7920,183,173,301,101498,1540453654288
-12864,1024,4544,-3600,-5920,8000,220,-200,602,101558,1540453654343
-13696,1344,5568,-3744,-5776,8080,322,-154,717,101598,1540453654345
-13568,2112,5376,-3712,-5584,8032,434,47,536,101638,1540453654347
-14592,1920,5312,-3552,-5584,8064,496,304,430,101678,1540453654395
-14592,2176,5184,-3520,-5552,8080,487,387,469,101698,1540453654445
-15424,832,8064,-3200,-5168,8192,488,-18,562,101758,1540453654495
-15168,1024,7872,-3328,-5216,8208,454,31,547,101778,1540453654550
-14464,1024,8128,-3392,-5104,8288,462,8,529,101818,1540453654552
-13440,1088,7936,-3392,-4928,8384,433,-21,488,101838,1540453654604
-13696,512,8384,-3488,-5056,8400,395,-23,429,101858,1540453654607
-13248,1024,8640,-3744,-4896,8704,213,-43,252,101918,1540453654609
-13248,1024,8448,-3808,-4880,8576,175,-73,163,101938,1540453654761
-13504,1280,8192,-3760,-4656,8560,144,-30,141,101958,1540453654921
-15360,2112,9088,-3584,-4672,8256,142,238,221,102038,1540453654924
-15360,2560,9600,-3504,-4720,8224,101,227,250,102058,1540453654971
-14080,3200,9856,-3392,-4720,8096,45,14,256,102098,1540453654975
-14016,3328,9984,-3472,-4640,7968,22,7,231,102118,1540453655021
-13888,3712,10432,-3520,-4720,7840,-4,78,111,102138,1540453655184
-12928,1472,9984,-3504,-4736,7664,-121,-58,-273,102178,1540453655289
-16768,-768,8128,-3408,-4848,7664,-448,383,-350,102218,1540453655292
-19264,2560,6080,-3264,-4736,8384,-336,269,127,102278,1540453655342
-14400,2368,5440,-3552,-4672,8256,-392,216,49,102318,1540453655346
-11584,2048,4800,-3904,-4864,8448,-583,-177,-154,102358,1540453655446
-12032,2112,4480,-4080,-5040,8704,-710,-192,-308,102378,1540453655449
-13312,2496,3584,-4128,-5072,8736,-787,-33,-452,102398,1540453655452
-14912,2432,3072,-4112,-5184,8848,-842,44,-523,102418,1540453655497
-13952,3136,4672,-3552,-5728,9040,-852,306,-596,102498,1540453655500
-11904,5632,4032,-3472,-6176,8960,-677,100,-1000,102578,1540453655548
-15616,5120,4864,-3328,-6384,8848,-612,-293,-812,102638,1540453655550
-17920,5312,4736,-3216,-6448,8784,-578,-47,-575,102678,1540453655654
-15296,5824,5376,-2896,-6672,8992,-336,128,-447,102778,1540453655657
-15232,6016,5248,-2960,-6880,8992,-263,109,-373,102798,1540453655704
-16960,3712,7040,-2608,-6976,8832,0,897,-127,102958,1540453655707
-15616,1664,5888,-2272,-6928,8368,-52,-329,-58,103078,1540453655759
-17600,1472,4928,-2272,-6912,8464,73,-323,29,103098,1540453655763
-22848,896,4480,-2224,-6960,8432,201,227,338,103118,1540453655809
-21056,960,4608,-2304,-6928,8304,242,602,447,103138,1540453655813
-17088,576,3968,-2400,-6912,8144,283,973,411,103158,1540453655859
-13760,-640,4672,-2544,-6784,7968,382,1045,170,103198,1540453655912
-12352,-1152,5056,-2592,-6576,8240,289,164,345,103258,1540453655914
-12160,-256,5056,-2624,-6592,8192,314,-58,445,103278,1540453655917
-12288,576,5312,-2736,-6592,8224,352,-134,529,103298,1540453656014
-12544,1600,5312,-2800,-6512,8192,451,-321,598,103318,1540453656017
-12608,2432,5440,-2880,-6480,8224,532,-487,670,103338,1540453656066
-13760,2304,5952,-3488,-6512,8112,678,-251,317,103438,1540453656068
-14976,2304,6080,-3584,-6560,8048,662,-71,290,103458,1540453656120
-14720,1920,6336,-3616,-6384,7968,635,-14,219,103478,1540453656122
-14144,1536,7232,-3664,-6432,7872,609,75,175,103498,1540453656171
-14144,1408,7360,-3648,-6352,7696,559,59,158,103518,1540453656174
-14912,1792,7744,-3616,-6064,7456,489,-69,270,103558,1540453656224
-15040,2112,7616,-3680,-6128,7360,464,-83,295,103578,1540453656228
-15232,1856,7936,-3664,-6032,6960,432,164,188,103618,1540453656275
-15040,1408,8064,-3632,-5792,6912,407,200,192,103638,1540453656279
-14400,1024,8384,-3712,-5760,6832,383,-45,279,103678,1540453656328
-14656,896,8384,-3744,-5744,6768,390,-65,256,103698,1540453656332
-14592,704,8320,-3792,-5584,6736,372,-19,221,103718,1540453656380
-14336,704,8064,-3760,-5824,6704,359,38,183,103738,1540453656382
-14464,1920,7872,-3952,-5648,6480,383,107,155,103818,1540453656487
-14400,2304,7936,-3920,-5600,6416,393,149,151,103838,1540453656490
-14656,2432,8320,-3968,-5536,6320,371,182,140,103858,1540453656537
-15808,640,10112,-4016,-5520,6064,350,546,65,103898,1540453656644
-15488,768,10368,-3936,-5312,6208,235,593,-297,103918,1540453656647
-16896,1472,9664,-3952,-5264,6224,159,430,-386,103938,1540453656649
-19392,-768,7104,-3872,-5120,6224,45,174,-270,103978,1540453656695
-21568,-960,6016,-3840,-5056,6160,92,157,-21,103998,1540453656849
-18816,1216,5632,-3904,-4832,6048,135,304,402,104038,1540453656852
-15232,1664,5440,-4048,-4752,5904,153,339,463,104058,1540453656900
-12672,1984,4736,-4336,-4736,5552,207,320,562,104078,1540453656904
-10688,2880,5056,-4464,-4656,5520,214,337,258,104098,1540453656949
-12096,2752,4608,-4592,-4672,5568,163,283,215,104118,1540453656951
-13312,2624,3776,-4672,-4608,5552,147,3,152,104158,1540453657060
-14464,2048,2944,-4752,-4608,5712,156,-85,138,104178,1540453657111
-16512,192,4224,-4640,-4592,5968,83,-82,149,104218,1540453657161
-14144,1280,5312,-4768,-4832,6144,-53,-207,123,104278,1540453657212
-12736,1728,5888,-4960,-5088,6128,-196,18,-196,104338,1540453657214
-15104,1536,6272,-4832,-5264,5568,-324,137,-244,104398,1540453657320
-16384,1792,6528,-4688,-5280,5280,-314,64,-177,104418,1540453657323
-16896,2368,6528,-4720,-5376,5136,-298,123,-163,104438,1540453657371
-16128,3328,6336,-4704,-5392,4880,-231,136,-153,104478,1540453657373
-14976,3840,6208,-4816,-5536,4992,-8,110,10,104598,1540453657420
-13952,4160,6272,-4880,-5744,5232,100,69,-115,104638,1540453657423
-13952,4416,6336,-4944,-5792,5472,211,20,-207,104658,1540453657470
-15104,2304,7808,-5008,-5904,5712,-37,223,-150,104698,1540453657525
-15360,2560,7168,-4928,-5840,5616,-179,568,-252,104738,1540453657528
-15616,2560,7872,-4912,-5952,5504,-249,639,-263,104758,1540453657530
-15232,2432,8448,-4672,-5984,5360,-320,632,-228,104778,1540453657578
-15360,3136,8192,-4624,-5984,5280,-310,468,-115,104818,1540453657581
-16128,896,6592,-4768,-6320,5424,27,-199,-486,104938,1540453657687
-19264,448,7360,-4624,-6416,5328,-19,331,-64,104978,1540453657690
-17152,768,7744,-4656,-6368,5216,-310,935,-235,104998,1540453657693
-14080,64,6848,-4816,-6096,5104,-300,802,-78,105058,1540453657698
-12672,-960,6528,-4752,-6128,5360,-423,132,-124,105098,1540453657737
-11392,-2432,7168,-4720,-6288,5472,-426,-398,-337,105138,1540453657787
-11392,-2176,6720,-4640,-6464,5568,-408,-439,-235,105158,1540453657790
-12800,-2304,6720,-4608,-6560,5616,-363,-378,-185,105178,1540453657843
-13952,64,6400,-4624,-6544,5520,-166,-96,-141,105238,1540453657847
-14080,768,6336,-4704,-6720,5504,-55,-59,-14,105258,1540453657895
-14528,1664,6144,-4720,-6624,5344,33,-25,109,105278,1540453657898
-15232,2112,6848,-4768,-6544,5104,161,-69,131,105318,1540453657945
-15040,1728,7296,-4928,-6560,5024,137,-68,118,105338,1540453658051
-15040,1344,7552,-4816,-6384,4992,113,-28,46,105358,1540453658054
-14656,704,7488,-4912,-6576,4992,136,52,8,105378,1540453658057
-14720,0,7936,-4704,-6432,4960,-33,-84,-13,105438,1540453658062
-15168,640,7232,-4736,-6576,4880,-24,-118,40,105458,1540453658102
-15168,896,7168,-4672,-6464,4896,-10,-74,32,105478,1540453658208
-14720,1024,7360,-4704,-6512,4864,18,-45,35,105498,1540453658211
-14720,1472,7552,-4688,-6544,4768,11,-96,89,105538,1540453658259
-14848,1472,7488,-4656,-6432,4704,54,-60,119,105558,1540453658309
-15040,1472,7488,-4656,-6432,4640,51,-9,188,105598,1540453658361
-15424,1408,7296,-4704,-6480,4608,71,-3,224,105618,1540453658414
-15552,1472,7296,-4656,-6464,4624,77,-16,247,105638,1540453658416
-15616,1472,7360,-4688,-6400,4592,90,36,285,105658,1540453658521
-15552,1984,7296,-4752,-6272,4544,149,77,471,105698,1540453658524
-15552,2432,7744,-4832,-6240,4448,180,109,461,105738,1540453658571
-16320,1920,9024,-5056,-6032,4240,151,424,473,105798,1540453658574
-14528,2496,9920,-5072,-6048,4160,68,508,305,105818,1540453658625
-14720,2112,8704,-5200,-5936,4016,152,219,252,105838,1540453658629
-15744,896,8320,-5216,-5936,4016,119,185,-48,105858,1540453658676
-16256,-896,8384,-5168,-5936,4128,-70,272,-249,105878,1540453658730
-14528,3392,4288,-5376,-6032,3888,-4,187,228,105978,1540453658732
-13504,2688,5760,-5424,-6016,3888,49,263,139,105998,1540453658836
-13376,2816,5952,-5536,-6016,3872,80,313,127,106018,1540453658839
-12928,4224,4736,-5776,-6128,3760,36,240,-88,106098,1540453658842
-14080,5184,4928,-5712,-6160,3728,4,-43,-5,106138,1540453658887
-16320,4672,5120,-5728,-6000,3888,55,-349,127,106178,1540453658937
-15808,4864,5056,-5760,-6064,3936,23,-370,221,106198,1540453658987
-14848,5312,4800,-5840,-5920,3920,38,152,23,106258,1540453658990
-14528,5824,4672,-5904,-6016,3856,65,229,-45,106278,1540453659044
-13504,5248,5376,-5808,-5776,3504,171,145,-111,106338,1540453659047
-13504,5056,5248,-5792,-5968,3504,179,14,-90,106358,1540453659050
-14400,5120,5184,-5840,-5824,3408,210,-120,-73,106378,1540453659097
-16000,4416,5760,-5760,-5904,3360,212,4,-106,106418,1540453659099
-15936,4544,5824,-5760,-5888,3344,190,65,-133,106438,1540453659150
-15104,4160,6656,-5584,-5872,3280,89,80,-127,106518,1540453659153
-15232,4032,6848,-5552,-5888,3296,55,113,-152,106538,1540453659155
-15936,4160,6720,-5424,-5856,3232,2,209,-131,106598,1540453659202
-16000,4224,6464,-5392,-5888,3200,16,262,-121,106618,1540453659252
-15872,4288,6464,-5408,-5856,3152,34,294,-141,106638,1540453659254
-16704,3840,7168,-5440,-5840,3152,58,581,-197,106698,1540453659303
-15104,4096,8704,-5520,-5856,3216,-20,504,-243,106738,1540453659306
-14400,4096,9024,-5552,-5904,3248,-101,298,-302,106758,1540453659354
-14720,3392,8768,-5616,-5920,3360,-236,129,-514,106778,1540453659356
-16640,2368,7104,-5616,-5936,3376,-267,-36,-274,106798,1540453659359
-17600,2240,6016,-5568,-6096,3472,-232,37,-26,106818,1540453659408
-16448,3648,5568,-5552,-6016,3296,-27,247,302,106858,1540453659412
-15680,3904,5632,-5680,-5888,3136,-152,419,-322,106878,1540453659458
-15808,3904,4352,-5680,-5792,3168,190,693,15,106898,1540453659461
-15104,3904,5056,-5776,-5456,3360,183,629,192,106918,1540453659509
-15616,3328,6080,-5760,-5424,3376,143,509,189,106938,1540453659513
-15296,2624,5888,-5840,-5280,3408,227,394,237,106958,1540453659516
-13568,1216,5120,-5920,-5168,3616,229,179,201,106998,1540453659562
-13760,832,5248,-5808,-5152,3600,309,160,174,107038,1540453659565
-13952,768,5568,-5856,-5120,3568,357,171,168,107058,1540453659612
-14144,1024,5568,-5744,-4896,3552,406,193,154,107078,1540453659615
-14272,1088,5632,-5824,-5024,3520,470,225,189,107098,1540453659665
-13440,1280,5952,-5744,-4640,3440,511,181,160,107118,1540453659718
-13440,1600,5632,-5712,-4800,3424,601,181,285,107138,1540453659720
-13824,1984,5824,-5792,-4640,3328,655,102,211,107158,1540453659769
-13696,2560,6400,-5808,-4560,3184,693,-29,279,107178,1540453659818
-13568,3072,6464,-5968,-4224,3056,813,-100,302,107218,1540453659820
-13888,2880,6656,-5904,-3968,2960,846,-135,280,107238,1540453659870
-13888,2624,6656,-5936,-3920,2960,866,-142,267,107258,1540453659872
-14208,1792,6976,-5856,-3776,2848,829,-178,246,107278,1540453659919
-14592,1088,7168,-5840,-3712,2864,815,-194,243,107298,1540453659921
-14592,896,7104,-5728,-3408,2912,820,-176,270,107318,1540453659970
-14912,448,7168,-5728,-3376,2800,792,-156,272,107338,1540453659972
-15040,0,7360,-5600,-3232,2768,752,-210,284,107358,1540453660021
-15424,0,7552,-5488,-2960,2672,709,-199,297,107398,1540453660025
-15360,192,7552,-5488,-2816,2640,678,-182,273,107418,1540453660077
-15616,128,7808,-5376,-2560,2592,614,-69,229,107458,1540453660080
-15360,192,7936,-5248,-2448,2528,601,-48,227,107478,1540453660084
-15040,0,7936,-5264,-2400,2496,559,-21,224,107498,1540453660128
-15360,192,7744,-5104,-2096,2464,513,-8,296,107538,1540453660183
-14784,640,7936,-5024,-1792,2432,459,46,308,107578,1540453660185
-14784,1216,7744,-5024,-1696,2464,418,4,326,107618,1540453660237
-15104,896,7808,-5056,-1504,2448,391,28,363,107638,1540453660240
-15680,1152,8064,-5056,-1472,2432,403,51,383,107658,1540453660286
-16448,1792,9216,-5040,-1264,2464,308,-7,427,107678,1540453660288
-15488,896,8256,-5040,-1056,2544,394,172,374,107718,1540453660340
-14656,512,9536,-4912,-896,2528,299,185,377,107758,1540453660342
-14848,512,9344,-4880,-816,2528,253,254,383,107778,1540453660448
-14656,576,9216,-4912,-736,2560,238,287,371,107798,1540453660451
-14464,832,9216,-4864,-640,2528,199,298,330,107818,1540453660497
-14144,896,9280,-4864,-608,2544,158,230,303,107838,1540453660550
-13888,768,9600,-4832,-400,2544,95,220,256,107858,1540453660552
-14400,576,9408,-4896,-480,2576,27,174,188,107878,1540453660555
-14272,448,9344,-4784,-336,2528,-35,93,97,107898,1540453660600
-17408,-320,7488,-4784,-432,2624,-318,93,124,107958,1540453660602
-19008,256,6400,-4880,-272,2560,-317,205,302,107978,1540453660650
-15104,1728,5568,-4928,-400,2432,-238,112,459,108018,1540453660652
-12480,2240,7552,-4976,-448,2448,-188,148,340,108038,1540453660705
-13376,2048,6464,-4976,-432,2416,-206,207,235,108058,1540453660707
-12288,1344,7168,-5056,-608,2448,-274,201,101,108078,1540453660759
-12352,1728,7296,-5120,-928,2320,-407,195,-147,108118,1540453660762
-13120,2112,6912,-5296,-1120,2048,-418,232,-357,108138,1540453660811
-16448,3648,5632,-5440,-1392,1776,-567,429,-388,108198,1540453660862
-17536,4480,4800,-5488,-1536,1536,-533,388,-178,108218,1540453660915
-15488,6208,4992,-5744,-1584,1120,-289,159,94,108258,1540453660917
-14720,7232,4096,-5856,-1504,1184,-37,-188,0,108318,1540453660921
-15616,6208,4096,-5856,-1584,1232,95,-69,-108,108338,1540453660967
-15808,4864,4928,-5760,-1616,1248,119,57,-180,108358,1540453661019
-16000,3584,5888,-5712,-1600,1408,41,177,-121,108378,1540453661022
-15552,3392,6208,-5632,-1648,1440,-28,250,-88,108398,1540453661069
-14656,4224,5952,-5696,-1664,1376,-4,409,-150,108418,1540453661071
-12416,4096,6592,-5680,-1616,1296,-11,482,-247,108438,1540453661120
-12096,4096,7296,-5760,-1664,1360,-84,136,-285,108478,1540453661122
-11648,3968,7488,-5792,-1744,1440,12,-131,-307,108498,1540453661170
-11456,4096,6976,-5616,-1808,1760,-202,-139,-345,108538,1540453661172
-12544,4096,6208,-5536,-1872,1856,-206,-237,-291,108558,1540453661224
-13568,4160,5952,-5472,-1936,1936,-269,-388,-202,108578,1540453661227
-16320,6272,4288,-5168,-1920,2400,-79,-414,-44,108618,1540453661229
-19712,5056,6272,-4960,-1728,2448,99,-192,-20,108678,1540453661277
-17600,4608,6272,-4992,-1776,2544,145,-209,1,108698,1540453661280
-17024,4736,5888,-4944,-1616,2864,132,-40,-50,108718,1540453661328
-16192,4800,6016,-5024,-1664,3056,131,76,-74,108738,1540453661379
-15936,4928,5440,-5120,-1632,3056,231,165,-106,108778,1540453661382
-16320,4352,7168,-4880,-1408,2976,135,441,-113,108838,1540453661385
-16640,4032,7360,-4896,-1520,2992,114,472,-26,108858,1540453661431
-16896,4352,7168,-4912,-1328,3008,131,444,76,108878,1540453661486
-16512,4352,7168,-4896,-1472,2992,125,388,140,108898,1540453661489
-16320,4736,8064,-4832,-1456,3120,79,331,55,108918,1540453661493
-15360,4864,8768,-4912,-1360,3136,40,303,-96,108938,1540453661537
-15616,4160,8256,-4928,-1296,3248,28,329,-190,108958,1540453661539
-16320,3776,6848,-4912,-1504,3328,32,191,-239,108978,1540453661588
-17600,2304,5312,-4896,-1536,3376,153,277,151,109018,1540453661591
-17152,3136,4928,-4784,-1584,3264,243,436,438,109038,1540453661641
-16768,3712,3584,-4880,-1472,3184,148,559,278,109058,1540453661645
-14784,4736,4224,-4992,-1168,2992,395,721,237,109078,1540453661692
-14336,2496,3840,-5104,-880,3280,384,595,170,109118,1540453661695
-12992,2176,3520,-4960,-720,3552,325,536,231,109138,1540453661743
-12352,1792,3968,-4928,-560,3776,373,320,193,109158,1540453661853
-11776,-256,5376,-4624,-384,3760,249,-177,-186,109198,1540453661856
-14336,-1664,6208,-4512,-320,3760,190,-207,-276,109238,1540453661903
-14400,-1600,6656,-4464,-368,3696,196,-236,-304,109258,1540453662006
-13760,-1344,6528,-4368,-384,3664,217,-292,-312,109278,1540453662010
-14080,-960,6656,-4320,-368,3632,245,-215,-335,109298,1540453662013
-14720,-128,6912,-4256,-352,3520,301,-102,-283,109318,1540453662018
-15104,640,6976,-4256,-320,3440,370,-43,-151,109338,1540453662058
-16192,1472,6976,-4144,-128,3200,448,35,-123,109378,1540453662061
-16512,832,7808,-4176,-16,3232,403,28,31,109398,1540453662109
-16256,896,8320,-4160,-16,3200,339,85,71,109418,1540453662160
-15296,960,8384,-4080,112,3232,264,36,19,109438,1540453662162
-14976,448,7744,-3968,144,3264,143,-113,62,109478,1540453662212
-14720,384,7296,-3840,208,3184,138,-146,77,109498,1540453662214
-14464,384,6848,-3760,160,3248,146,-179,107,109518,1540453662217
-13568,1792,6016,-3568,448,2992,284,-162,170,109638,1540453662264
-13568,1856,6272,-3552,544,2896,308,-251,161,109658,1540453662314
-13312,1856,6144,-3536,560,2864,314,-390,133,109678,1540453662317
-13760,1344,6464,-3344,912,2832,303,-318,95,109698,1540453662364
-18304,-192,7680,-2992,960,2752,145,-34,227,109778,1540453662367
-18304,-192,7744,-2912,880,2768,127,67,287,109798,1540453662472
-17856,64,7680,-2784,1120,2768,111,164,312,109818,1540453662475
-17216,256,8192,-2864,992,2768,-35,301,229,109838,1540453662477
-17088,1216,7872,-2848,1088,2720,73,441,355,109858,1540453662481
-16704,128,8960,-2832,1040,2720,-26,514,369,109878,1540453662525
-14528,1280,9024,-2880,1136,2608,-60,284,224,109918,1540453662529
-18240,64,6784,-2864,1120,2640,-228,117,27,109958,1540453662576
-21760,-64,5440,-2880,1136,2736,-305,394,245,109978,1540453662579
-22080,768,4544,-2784,1072,2768,-364,500,292,109998,1540453662628
-21184,1664,3584,-2800,1024,2688,-348,573,292,110018,1540453662679
-18624,2304,2880,-2864,992,2656,-331,752,238,110038,1540453662682
-12032,896,4160,-3264,704,2256,-328,535,168,110098,1540453662685
-12288,1216,4032,-3328,672,2128,-331,465,98,110118,1540453662788
-9856,2688,3904,-3456,464,2032,-323,344,-100,110138,1540453662837
-11520,3648,3520,-3552,464,2000,-271,339,-184,110158,1540453662839
-14592,4160,2816,-3616,320,2032,-222,-86,-179,110198,1540453662842
-16384,2368,1664,-3584,304,2032,-171,-406,-3,110218,1540453662892
-16768,4480,3008,-3568,288,2176,-137,-276,-59,110238,1540453662895
-16064,4672,4608,-3616,112,2496,-244,144,-74,110278,1540453662943
-14528,5376,4416,-3616,128,2512,-294,236,-76,110298,1540453662947
-14784,6464,4608,-3616,-64,2288,-323,442,-256,110338,1540453663000
-14080,6400,4992,-3600,-128,2048,-275,390,-280,110358,1540453663004
-14592,5888,5504,-3600,-112,1984,-202,270,-225,110378,1540453663052
-14592,5888,5440,-3600,-192,1952,-115,97,-161,110398,1540453663056
-16192,4992,5696,-3536,-256,2032,17,135,-98,110458,1540453663157
-16448,4736,5760,-3584,-256,2000,42,177,-106,110478,1540453663208
-15680,4736,5632,-3664,-256,2080,51,239,-114,110498,1540453663212
-14848,5120,5888,-3664,-192,2144,78,293,-175,110558,1540453663261
-14720,5248,5952,-3680,-288,2192,104,272,-194,110578,1540453663263
-14848,4800,6400,-3680,-208,2160,152,235,-103,110638,1540453663314
-15168,5184,6464,-3744,-256,2192,166,259,-76,110658,1540453663316
-15488,5376,6720,-3664,-144,2096,148,274,-59,110678,1540453663320
-15488,5056,7040,-3776,-192,2160,148,341,-70,110698,1540453663365
-15168,4928,6848,-3760,-112,2112,145,334,-72,110718,1540453663368
-15040,4736,7168,-3776,-240,2144,128,390,-86,110738,1540453663418
-15040,4096,7808,-3808,16,2112,-53,526,-223,110758,1540453663420
-14592,3584,8128,-4048,-192,2080,-133,459,-122,110818,1540453663471
-14272,4416,8384,-4016,-208,2064,-75,194,-217,110838,1540453663473
-13632,4800,8128,-4112,-256,2000,-9,-41,-321,110858,1540453663576
-19904,256,6144,-4112,-400,1904,175,-22,-137,110918,1540453663628
-14144,1856,6592,-4496,-80,1680,278,1018,150,110998,1540453663630
-13056,1088,6976,-4544,16,1744,256,803,166,111018,1540453663634
-12864,832,6336,-4688,160,1952,220,481,153,111038,1540453663678
-13120,0,6464,-4656,224,2048,173,284,132,111058,1540453663680
-12928,-768,6400,-4624,256,2240,96,115,-13,111078,1540453663729
-13184,-1472,6528,-4624,224,2240,84,83,15,111098,1540453663732
-12288,-1408,6848,-4592,208,2256,90,59,62,111118,1540453663783
-12736,-576,6592,-4592,256,2240,129,46,65,111138,1540453663831
-13312,64,6656,-4592,352,2112,254,182,156,111178,1540453663833
-13056,1024,6592,-4528,384,2128,332,152,184,111198,1540453663836
-11904,2880,6848,-4528,528,2096,394,322,64,111218,1540453663882
-12928,1536,6656,-4544,608,2032,487,88,98,111238,1540453663934
-12928,1600,7040,-4544,832,2048,527,-91,186,111258,1540453663987
-12416,1600,7424,-4576,880,2096,555,-234,160,111278,1540453663989
-13312,-128,7808,-4256,1184,2384,505,-498,-61,111358,1540453664036
-15680,-2112,8512,-3968,1424,2608,335,-206,-139,111418,1540453664040
-16000,-2112,9024,-3904,1312,2640,279,-196,-97,111438,1540453664086
-16064,-1920,8704,-3856,1344,2672,231,-140,-62,111458,1540453664089
-15936,-1536,8640,-3888,1424,2752,184,-125,-31,111478,1540453664135
-15808,-1344,8704,-3792,1504,2656,122,-112,-14,111498,1540453664137
-15168,-960,8576,-3696,1456,2688,25,-50,19,111538,1540453664241
-15104,-832,8576,-3712,1408,2720,-14,-52,48,111558,1540453664244
-15104,-512,8448,-3616,1440,2656,-57,-70,67,111578,1540453664246
-14848,128,8064,-3488,1632,2560,-81,-3,163,111618,1540453664350
-15040,704,7616,-3488,1408,2640,-66,-13,219,111638,1540453664352
-15744,1216,7488,-3472,1472,2576,-43,0,279,111658,1540453664355
-16512,1792,7488,-3360,1488,2512,61,152,414,111718,1540453664359
-14336,960,9472,-3232,1696,2688,10,246,365,111778,1540453664400
-13504,320,10560,-3104,1696,2736,-79,254,219,111798,1540453664404
-12992,-448,9920,-3136,1744,2784,-215,116,63,111818,1540453664448
-15616,-2368,9088,-3040,1712,2848,-381,20,-59,111838,1540453664451
-19264,-2112,7232,-3024,1584,2832,-502,247,61,111858,1540453664500
-21632,832,5248,-2960,1568,2608,-464,422,335,111898,1540453664503
-20480,192,5312,-2928,1520,2512,-420,483,311,111918,1540453664552
-18176,128,5120,-2944,1520,2528,-430,479,248,111938,1540453664556
-13312,1536,4928,-3024,1344,2736,-547,704,225,111998,1540453664559
-11840,2752,4352,-3152,1296,2736,-553,612,155,112018,1540453664601
-11264,3776,3840,-3152,1280,2752,-523,438,59,112038,1540453664604
-14208,3904,3776,-3296,1056,3040,-388,96,57,112098,1540453664649
-14464,3840,4352,-3344,944,3392,-410,122,28,112118,1540453664651
-14400,3840,4736,-3312,864,3632,-438,172,-22,112138,1540453664707
-14528,3840,5312,-3408,768,3808,-511,289,-162,112158,1540453664712
-13376,4096,6080,-3408,672,3920,-539,269,-225,112178,1540453664716
-12288,4032,6016,-3344,592,3872,-593,269,-325,112198,1540453664760
-11072,4800,6080,-3344,496,3920,-607,225,-342,112218,1540453664811
-12352,6336,5696,-3248,304,3808,-503,-126,-315,112258,1540453664814
-13312,6464,5696,-3120,288,3632,-443,-76,-318,112278,1540453664861
-13952,6208,6208,-3072,96,3648,-403,-56,-359,112298,1540453664865
-15168,5696,6144,-3024,112,3568,-384,17,-368,112318,1540453664912
-16000,5376,6144,-3040,-32,3600,-359,33,-385,112338,1540453664915
-16256,4992,6272,-2992,-80,3584,-355,109,-403,112358,1540453664919
-16000,5056,6272,-3040,-224,3616,-332,160,-341,112378,1540453664964
-15616,5184,5952,-3072,-208,3664,-283,168,-327,112398,1540453664966
-14464,5248,6016,-3152,-272,3680,-221,181,-338,112438,1540453665017
-14144,5504,6336,-3200,-448,3712,-221,160,-320,112458,1540453665020
-14144,5888,6464,-3152,-416,3664,-211,153,-323,112478,1540453665071
-14208,6144,6464,-3184,-560,3744,-186,145,-330,112498,1540453665073
-14336,6272,6720,-3152,-640,3680,-164,133,-342,112518,1540453665121
-14976,5568,7360,-3152,-704,3664,-168,148,-344,112558,1540453665124
-15936,5184,7616,-3104,-752,3728,-181,219,-340,112578,1540453665174
-16512,4544,8384,-3072,-880,3696,-211,499,-295,112618,1540453665178
-16384,4160,8320,-3072,-880,3680,-242,627,-268,112638,1540453665225
-16000,3712,8384,-3072,-928,3712,-277,798,-210,112658,1540453665276
-15680,4032,8512,-3168,-992,3680,-392,1180,-493,112678,1540453665281
-16256,4032,9088,-3312,-992,3504,-384,616,-164,112698,1540453665329
-12864,4608,7936,-3472,-1152,3552,-315,378,-304,112718,1540453665332
-12288,5120,7680,-3504,-1184,3552,-279,46,-407,112738,1540453665380
-12288,2688,6784,-3696,-1296,3648,-265,-240,-483,112758,1540453665383
-19328,-320,5376,-3744,-1408,3744,-177,54,-130,112798,1540453665387
-20224,1344,5184,-3584,-1456,3600,-89,514,154,112818,1540453665431
-16512,2112,6016,-3616,-1232,2832,-166,1112,-136,112858,1540453665434
-14656,192,7168,-3936,-1056,2448,-149,943,-132,112878,1540453665482
-12928,576,7168,-4048,-1024,2384,-117,704,-139,112898,1540453665485
-11904,-64,7424,-4160,-944,2480,-133,414,-239,112918,1540453665533
-11712,-1152,7808,-4208,-1008,2512,-228,224,-374,112938,1540453665536
-13824,-2560,8448,-4208,-1104,2704,-470,-63,-451,112978,1540453665586
-14080,-2304,8512,-4192,-1296,2816,-516,-62,-472,112998,1540453665588
-14016,-1984,8704,-4064,-1424,2768,-543,31,-488,113018,1540453665591
-13952,-320,8000,-3968,-1760,2640,-389,243,-431,113078,1540453665636
-12608,832,8064,-4032,-1712,2528,-275,244,-387,113098,1540453665687
-13504,768,7808,-4096,-1904,2512,-206,181,-308,113118,1540453665689
-13696,1600,8256,-4112,-2032,2528,-85,55,-295,113158,1540453665798
-13440,1408,8576,-4048,-1904,2624,-166,37,-311,113178,1540453665801
-14208,384,9472,-4064,-2064,2672,-198,-43,-262,113198,1540453665804
-14720,320,9792,-3952,-1952,2768,-283,30,-315,113218,1540453665847
-14336,0,8896,-3984,-2208,2864,-304,19,-132,113238,1540453665849
-14656,192,9472,-3920,-2144,2992,-370,20,-182,113258,1540453665898
-14336,576,8128,-3920,-2352,3088,-406,57,-163,113278,1540453665949
-14208,1024,8064,-3872,-2304,3024,-412,75,-119,113298,1540453666001
-13760,1600,8128,-3904,-2368,2976,-360,48,-77,113338,1540453666003
-13312,1728,7872,-3904,-2560,2992,-355,114,-62,113358,1540453666052
-13120,1728,8384,-3968,-2640,2928,-359,215,-38,113378,1540453666103
-11840,1792,8640,-3968,-2624,2944,-366,136,-49,113398,1540453666105
-12352,2048,8320,-3920,-2736,2784,-320,206,-80,113418,1540453666108
-13376,2048,8704,-3888,-2704,2800,-277,12,14,113458,1540453666154
-14208,2176,8832,-3920,-2768,2832,-240,-5,84,113478,1540453666208
-14976,2368,9024,-3872,-2752,2896,-208,-47,272,113518,1540453666210
-16320,3520,8576,-3920,-2704,3120,-119,-71,506,113578,1540453666261
-14656,3456,8320,-3888,-2736,3200,-135,115,353,113598,1540453666264
-13952,3008,9280,-3888,-2672,3088,-176,204,210,113618,1540453666268
-13312,1856,10048,-3920,-2608,3056,-157,-47,-6,113638,1540453666309
-19712,256,7616,-3664,-2800,2992,-360,124,-70,113698,1540453666312
-21184,1472,7360,-3600,-2864,3008,-422,360,5,113718,1540453666363
-17984,2496,6016,-3584,-2784,3008,-416,376,103,113738,1540453666365
-13056,2176,6464,-3776,-2944,2432,-290,442,-152,113798,1540453666414
-13184,2496,6016,-3808,-2992,2400,-281,411,-221,113818,1540453666417
-15040,2944,4608,-3888,-3216,2480,-250,342,-325,113878,1540453666420
-14912,3200,4416,-3840,-3344,2496,-260,185,-258,113898,1540453666468
-15808,3136,4288,-3968,-3408,2480,-253,-74,-133,113918,1540453666470
-16384,3264,4416,-3808,-3504,2672,-248,-403,65,113958,1540453666519
-16192,3008,4736,-3840,-3520,2768,-287,-344,116,113978,1540453666521
-15168,3136,5056,-3712,-3584,2944,-351,-270,-25,113998,1540453666569
-14656,3456,4864,-3744,-3744,3056,-391,-31,-148,114018,1540453666572
-13120,3392,5760,-3728,-4048,3344,-544,51,-306,114058,1540453666620
-12928,3712,5504,-3696,-4208,3312,-597,205,-427,114078,1540453666623
-13184,4032,5120,-3712,-4384,3280,-606,317,-535,114098,1540453666626
-13248,3840,5248,-3600,-4368,3248,-682,410,-654,114118,1540453666675
-13440,3712,4736,-3584,-4688,3200,-697,309,-593,114138,1540453666678
-14976,3072,6080,-3424,-4784,3088,-695,254,-557,114158,1540453666725
-15680,2944,6080,-3520,-4896,3104,-694,161,-445,114178,1540453666728
-16128,3008,6272,-3424,-4880,3104,-661,166,-437,114198,1540453666775
-15360,3520,6208,-3424,-5248,3216,-658,140,-536,114238,1540453666826
-14976,3520,6528,-3408,-5408,3280,-679,146,-577,114258,1540453666829
-15104,3776,6464,-3296,-5600,3360,-672,129,-564,114278,1540453666833
-15232,4224,6272,-3328,-5680,3408,-678,73,-533,114298,1540453666878
-17024,4608,5568,-3248,-5856,3488,-623,183,-441,114318,1540453666880
-14528,5184,7168,-3248,-5904,3488,-599,164,-525,114338,1540453666929
-16384,4928,6272,-3296,-5936,3472,-584,191,-530,114358,1540453666980
-16256,4928,6528,-3248,-6096,3552,-542,160,-517,114378,1540453667032
-16384,3456,7296,-3232,-6320,3584,-598,394,-597,114418,1540453667035
-17536,2688,7296,-3136,-6496,3664,-659,557,-571,114438,1540453667037
-17664,2560,6976,-3088,-6544,3792,-828,925,-681,114458,1540453667084
-17536,1984,6848,-3056,-6784,3632,-902,791,-468,114478,1540453667136
-16832,2240,7808,-3104,-6848,3712,-1001,865,-426,114498,1540453667139
-16448,3264,7040,-3216,-7008,3712,-1043,706,-312,114518,1540453667186
-14976,3840,6720,-3248,-7072,3792,-1088,373,-329,114538,1540453667189
-13184,4160,6016,-3408,-7280,3904,-1065,-143,-251,114558,1540453667237
-16000,1728,3584,-3376,-7872,4304,-1061,-523,-200,114618,1540453667239
-16512,1856,3840,-3264,-7904,4288,-1056,-169,-272,114638,1540453667292
-16704,1984,3008,-3248,-7936,4224,-852,412,-456,114658,1540453667295
-18752,1472,5184,-3136,-8016,4096,-719,707,-428,114678,1540453667299
-17088,1024,5504,-3136,-7920,4144,-573,841,-398,114698,1540453667344
-14272,1792,4608,-3232,-8016,4480,-313,228,-189,114738,1540453667346
-13056,64,5888,-3536,-8480,4560,-444,515,-466,114798,1540453667396
-12608,-320,5888,-3424,-8624,4576,-376,422,-602,114818,1540453667449
-13504,-192,7488,-3344,-8720,4592,-407,451,-659,114838,1540453667452
-12544,256,7232,-3264,-8656,4496,-420,413,-541,114858,1540453667455
-13632,1536,6656,-3312,-8672,4272,-150,53,-380,114898,1540453667498
-14464,2048,6208,-3328,-8656,4352,-55,-51,-300,114918,1540453667501
-15936,1664,7040,-3280,-8400,4624,-60,-100,-181,114978,1540453667549
-15424,960,7296,-3360,-8576,4688,-82,-35,-177,114998,1540453667551
-14720,1408,7040,-3392,-8608,4704,-72,-130,-160,115018,1540453667600
-14400,1472,6720,-3376,-8688,4784,-77,-111,-146,115038,1540453667653
-14464,1216,6400,-3344,-8640,4816,-58,-161,-155,115058,1540453667655
-14784,1344,6144,-3328,-8736,4864,-49,-167,-102,115078,1540453667658
-14912,1600,5824,-3312,-8672,4976,-39,-182,-81,115098,1540453667703
-14528,1664,5440,-3376,-8704,4912,-17,-166,-79,115138,1540453667705
-14592,1920,4992,-3328,-8640,4960,39,-44,-93,115158,1540453667754
-14848,1984,5184,-3200,-8688,4864,73,9,-87,115178,1540453667756
-15168,832,6464,-3136,-8688,4576,34,193,-133,115218,1540453667809
-15680,640,7040,-3104,-8736,4464,70,202,-98,115238,1540453667812
-15680,576,7424,-3008,-8752,4272,70,135,-44,115258,1540453667859
-16064,128,7936,-2992,-8688,4256,93,-21,44,115278,1540453667863
-16768,448,7936,-2960,-8688,4272,148,-205,250,115318,1540453667867
-16640,768,7808,-3008,-8672,4272,141,-152,291,115338,1540453667910
-16768,896,7680,-3040,-8656,4400,120,-133,389,115358,1540453667913
-16064,704,7424,-3184,-8704,4464,112,-133,418,115378,1540453668010
-16384,1280,7808,-3200,-8640,4560,92,-82,431,115398,1540453668063
-17280,384,7168,-3376,-8768,4672,-2,64,250,115438,1540453668067
-18112,64,6656,-3440,-8816,4848,-110,164,180,115458,1540453668070
-19392,512,4608,-3504,-8800,5184,-220,396,251,115498,1540453668115
-17600,1280,3456,-3600,-8800,5296,-248,423,325,115518,1540453668168
-15808,1920,3008,-3680,-8816,5200,-247,458,335,115538,1540453668172
-14720,1664,3584,-3808,-8816,5168,-287,492,271,115558,1540453668176
-13824,1280,4288,-3840,-8912,5040,-353,548,149,115578,1540453668220
-14336,1280,5312,-3840,-8960,4848,-370,386,31,115598,1540453668270
-14144,1536,4928,-3840,-9024,4816,-385,458,-76,115618,1540453668272
-15168,2048,4416,-3728,-9024,4672,-376,482,-117,115638,1540453668320
-16320,2624,4032,-3680,-8976,4576,-222,271,18,115678,1540453668323
-16960,2688,3840,-3616,-8944,4656,-6,55,93,115698,1540453668375
-17280,2560,3328,-3600,-8832,4832,77,-127,170,115718,1540453668378
-16192,2496,4736,-4000,-8784,5616,75,-894,317,115778,1540453668382
-15616,2432,3712,-4496,-8752,6544,39,-712,150,115818,1540453668426
-21888,6272,10368,-4688,-8880,7008,-200,-438,113,115858,1540453668480
-16064,2496,3264,-4848,-8896,7312,-413,245,-24,115878,1540453668482
-14912,2624,3392,-4816,-8944,7344,-537,480,-114,115898,1540453668530
-13696,5568,1408,-4576,-9040,7152,-524,1093,-298,115938,1540453668533
-14656,4800,2304,-4240,-8912,6768,-490,1067,-234,115958,1540453668536
-15488,3520,3904,-4144,-9056,6752,-527,928,-181,115978,1540453668582
-15936,2304,5632,-3872,-8944,6688,-587,606,-145,115998,1540453668633
-16512,2496,4544,-3840,-9024,7056,-612,123,-58,116058,1540453668635
-15936,3008,4288,-3936,-8976,7344,-610,221,-86,116078,1540453668683
-15232,3392,3840,-3952,-9056,7536,-617,330,-200,116098,1540453668736
-14592,3904,3584,-3888,-9136,7776,-609,512,-298,116118,1540453668738
-14464,4032,3712,-3824,-9136,7904,-608,520,-346,116138,1540453668741
-14336,4096,4096,-3760,-9184,7984,-620,416,-407,116158,1540453668787
-14848,3904,4608,-3648,-9216,8048,-619,359,-425,116178,1540453668789
-15552,4032,4544,-3424,-9232,8272,-624,375,-465,116218,1540453668842
-16000,3968,4608,-3264,-9216,8400,-622,339,-446,116238,1540453668845
-16320,3776,4992,-3056,-9264,8624,-636,98,-374,116278,1540453668892
-16384,4160,4800,-3088,-9296,8784,-631,222,-404,116298,1540453668896
-16384,4160,4864,-2976,-9328,8976,-634,300,-391,116318,1540453668943
-16256,4352,5184,-2928,-9264,9040,-614,326,-384,116338,1540453668946
-16000,4736,5376,-2848,-9328,9264,-576,298,-360,116358,1540453668997
-16384,5632,5504,-2768,-9264,9776,-448,369,-306,116418,1540453669048
-16512,5568,5760,-2800,-9248,9840,-431,495,-311,116438,1540453669098
-16640,5696,6016,-2784,-9232,9936,-405,583,-282,116458,1540453669100
-16448,5376,6272,-2656,-9232,9968,-418,586,-246,116478,1540453669149
-16448,5568,6400,-2576,-9152,10112,-411,464,-161,116518,1540453669199
-15808,5312,6016,-2464,-9152,10080,-400,376,-148,116538,1540453669202
-15360,4160,4800,-2256,-9264,10096,-449,542,-188,116578,1540453669250
-16384,2688,4672,-2176,-9200,10096,-361,626,-179,116598,1540453669253
-17280,2048,4480,-1936,-9056,10128,-222,596,-158,116618,1540453669257
-16128,2240,4608,-1840,-9008,10080,-83,413,-97,116638,1540453669303
-14848,2816,4800,-1808,-8896,10128,1,253,-32,116658,1540453669305
-14144,1920,5504,-1856,-8688,10368,-74,287,-132,116698,1540453669351
-14592,1088,5376,-1872,-8704,10480,-192,387,-158,116718,1540453669354
-14848,-64,4864,-1888,-8672,10704,-422,332,-162,116758,1540453669403
-15040,-576,5120,-1760,-8704,10640,-510,402,-164,116778,1540453669405
-15040,-1088,5248,-1680,-8816,10640,-598,467,-227,116798,1540453669453
-14464,-1408,8192,-1040,-9056,10128,-511,261,-615,116858,1540453669456
-13568,-1088,6912,-912,-9008,10080,-489,125,-604,116878,1540453669458
-13632,-448,6784,-672,-9024,10000,-431,20,-581,116898,1540453669503
-14784,768,6464,-560,-8848,10096,-99,-292,-560,116958,1540453669505
-14784,1152,6976,-496,-8592,10432,-159,-279,-408,116998,1540453669554
-14848,768,7360,-544,-8528,10544,-222,-112,-445,117018,1540453669556
-14720,256,7232,-544,-8496,10656,-331,93,-471,117038,1540453669611
-14720,0,7232,-416,-8512,10592,-413,188,-468,117058,1540453669613
-14272,-384,7168,-384,-8448,10480,-484,271,-472,117078,1540453669660
-14528,-1472,7552,-160,-8560,10192,-414,-166,-452,117118,1540453669664
-15104,-512,6720,-112,-8512,10176,-357,-137,-422,117138,1540453669711
-15552,0,6336,-128,-8496,10208,-319,-105,-397,117158,1540453669715
-16064,0,6656,-128,-8512,10272,-311,-116,-359,117178,1540453669763
-16320,384,6784,-96,-8384,10288,-299,-31,-314,117198,1540453669864
-16832,320,6464,-80,-8400,10304,-284,-45,-216,117218,1540453669867
-16896,384,6784,-96,-8352,10336,-287,41,-134,117238,1540453669870
-16832,320,7040,-80,-8304,10480,-297,14,-39,117258,1540453669914
-16128,576,7168,-192,-8272,10608,-289,-141,143,117298,1540453669918
-16064,1344,6528,-400,-8272,10768,-271,-194,271,117318,1540453669965
-15936,1792,6400,-496,-8240,10832,-262,-211,411,117338,1540453669967
-16064,2496,5824,-816,-8176,11136,-190,-243,553,117358,1540453670016
-15936,3136,5824,-880,-8144,11232,-146,-193,610,117378,1540453670019
-15936,3648,5504,-1168,-8208,11360,-64,-20,626,117398,1540453670024
-15424,3904,6656,-1280,-7920,11360,-18,429,405,117438,1540453670068
-15232,1984,7360,-1136,-7984,11072,-265,647,120,117478,1540453670120
-16192,-384,7360,-1120,-8048,10960,-356,506,5,117498,1540453670170
-19072,-1344,6144,-912,-7984,10992,-317,380,114,117518,1540453670173
-21120,-640,5632,-928,-8096,11104,-276,382,238,117538,1540453670220
-14976,-1088,4800,-960,-8048,10896,-422,470,56,117618,1540453670275
-12608,-448,4992,-880,-8144,10624,-560,565,-156,117658,1540453670277
-11584,768,4352,-784,-8064,10640,-399,246,-163,117678,1540453670326
-11200,1728,3904,-864,-8224,10624,-375,-30,-212,117698,1540453670377
-13312,1600,4096,-832,-8160,10768,-390,-37,-385,117718,1540453670429
-15040,2048,4544,-880,-8320,10752,-485,-80,-342,117738,1540453670431
-15360,2496,2944,-912,-8336,10848,-482,-131,-177,117758,1540453670435
-16256,2368,2112,-976,-8272,11040,-483,-304,-111,117778,1540453670479
-17344,2496,3392,-944,-8128,11360,-537,-256,-110,117798,1540453670482
-15680,1984,4416,-1120,-8064,11648,-682,53,-195,117838,1540453670530
-14720,2560,4608,-1120,-8064,11792,-724,11,-232,117858,1540453670532
-14016,4160,4032,-1072,-7856,12080,-720,67,-302,117898,1540453670580
-14784,4032,4416,-976,-7744,12304,-648,61,-277,117938,1540453670583
-15616,3904,4288,-832,-7712,12368,-685,-149,-656,117958,1540453670585
-17088,4352,4416,-768,-7568,12512,-700,167,-490,117978,1540453670631
-17280,4416,4928,-32,-6992,13200,-582,279,-336,118058,1540453670634
-17088,4672,4928,144,-6832,13264,-549,267,-284,118078,1540453670681
-17408,5120,4928,224,-6800,13344,-492,243,-320,118098,1540453670684
-19712,5632,5056,160,-6640,13744,-104,32,-119,118158,1540453670732
-19968,4544,4928,-16,-6560,14560,97,380,-192,118198,1540453670734
-17472,4608,4288,-368,-6544,14832,290,105,-145,118218,1540453670785
-16512,3200,4544,-688,-6672,14832,370,-375,130,118238,1540453670788
-12736,1024,5952,-1360,-6832,14992,319,-210,1,118258,1540453670792
-12992,640,6528,-1568,-6784,14976,25,-132,5,118278,1540453670838
-13056,2944,5440,-2000,-6816,15136,-131,136,-85,118298,1540453670891
-13056,2880,4352,-2224,-6800,15248,-194,647,-226,118318,1540453670942
-12864,4288,5376,-2064,-6528,15216,-267,729,-216,118338,1540453670945
-14592,3776,6080,-1776,-6480,14992,-404,809,-223,118378,1540453670949
-14848,3712,5888,-1664,-6448,14928,-469,677,-237,118398,1540453670993
-15488,3392,5824,-1376,-6400,14752,-446,500,-189,118418,1540453671043
-15552,2688,5440,-1392,-6400,14624,-457,339,-167,118438,1540453671146
-16512,896,5696,-1248,-6352,14224,-509,239,-282,118458,1540453671149
-17472,704,5312,-1184,-6432,14160,-465,433,-385,118478,1540453671151
-17984,1664,4224,-912,-6176,14224,-326,613,-323,118498,1540453671197
-18432,2240,4160,-720,-6240,14192,-225,640,-229,118518,1540453671199
-16768,704,5248,-352,-6080,14064,-78,642,-199,118558,1540453671248
-15936,256,5760,-176,-5952,14032,-49,706,-184,118578,1540453671250
-14848,576,5504,-160,-5968,14192,-66,848,-242,118598,1540453671299
-13632,-512,5952,-96,-6000,14800,-95,345,-40,118638,1540453671350
-13632,-3392,7168,-288,-6096,15104,-183,100,-261,118678,1540453671353
-14016,-4160,7680,-304,-6080,15312,-330,308,-399,118698,1540453671357
-14400,-1728,6016,-128,-6064,15408,-502,362,-328,118738,1540453671401
-13184,-576,5248,32,-6016,15424,-464,215,-286,118758,1540453671403
-12544,1088,5888,288,-5856,15360,-439,71,-182,118798,1540453671453
-13376,1536,6080,272,-5808,15344,-348,-165,-95,118818,1540453671504
-14016,1536,6976,640,-5600,14768,-276,195,-221,118918,1540453671506
-15040,1024,7680,944,-5520,14656,-300,111,-165,118938,1540453671558
-15104,896,7808,1088,-5472,14496,-333,104,-153,118958,1540453671562
-15296,960,7936,1296,-5472,14336,-346,159,-101,118978,1540453671610
-15232,1856,7424,1344,-5392,14208,-316,138,-89,118998,1540453671661
-14464,1600,7488,1488,-5312,14000,-251,101,-29,119018,1540453671663
-14912,1920,7616,1472,-5200,13952,-185,39,25,119038,1540453671713
-14976,2304,7680,1536,-5184,13904,-111,85,66,119058,1540453671715
-15040,1728,8064,1344,-5232,13744,39,77,173,119118,1540453671765
-15296,1728,8064,1344,-5248,13712,52,91,197,119138,1540453671815
-15552,1472,8192,1232,-5264,13760,53,84,234,119158,1540453671866
-15616,1152,8512,1216,-5312,13808,15,-10,366,119178,1540453671869
-16000,1152,7680,1152,-5296,13952,37,188,357,119198,1540453671917
-16256,1600,7616,1040,-5424,14096,41,239,471,119238,1540453671920
-14592,2112,8000,1008,-5312,14016,86,115,447,119278,1540453671970
-13248,2304,8512,928,-5568,13872,48,-76,256,119298,1540453672021
-14720,448,7808,832,-5600,13904,-109,-11,-43,119338,1540453672024
-17216,640,7360,832,-5568,14048,-151,188,49,119358,1540453672075
-19456,1728,6208,896,-5616,14064,-98,239,176,119378,1540453672182
-18688,2688,4992,960,-5632,14016,-96,174,255,119398,1540453672185
-14272,2432,5824,1008,-5696,13696,94,377,148,119458,1540453672187
-12544,2176,6144,976,-5776,13472,35,336,35,119498,1540453672234
-12352,2368,6080,976,-5760,13392,10,206,-13,119518,1540453672236
-12480,2752,5312,976,-5856,13392,-20,209,-82,119538,1540453672287
-15680,2240,5248,944,-5808,13424,-161,0,-91,119578,1540453672336
-16576,2944,4608,880,-5792,13760,-235,-62,79,119638,1540453672339
-14528,3456,4864,768,-5760,13776,-212,24,134,119658,1540453672341
-12416,4672,5504,624,-5824,13792,-179,-73,92,119698,1540453672387
-12096,4544,5632,432,-5792,13760,-191,-26,-14,119718,1540453672389
-12864,4416,5440,416,-5824,13760,-190,-87,-60,119738,1540453672437
-14528,4800,5696,352,-5792,13856,-204,-164,-19,119758,1540453672439
-16320,4672,5440,224,-5696,13936,-213,67,-185,119818,1540453672487
-16512,4928,5312,304,-5600,14016,-164,-57,-149,119858,1540453672541
-15552,5120,5440,368,-5600,14016,21,177,-211,119938,1540453672544
-15936,4928,5696,416,-5552,13952,44,242,-206,119958,1540453672546
-16640,4288,6400,592,-5552,13824,100,314,-210,119998,1540453672593
-16640,3840,6592,640,-5504,13744,85,318,-173,120018,1540453672596
-16384,3712,6976,672,-5520,13696,78,334,-173,120038,1540453672644
-16384,3456,7232,736,-5488,13616,36,366,-166,120058,1540453672647
-15616,3712,7040,864,-5408,13552,-15,451,-207,120098,1540453672696
-15232,3840,7104,832,-5504,13504,-46,478,-216,120118,1540453672699
-15488,3712,7360,928,-5472,13456,-48,522,-215,120138,1540453672747
-15296,3584,7296,1120,-5424,13440,-89,579,-236,120178,1540453672750
-14848,3392,7488,1120,-5472,13504,-105,573,-240,120198,1540453672800
-14656,3584,7488,1312,-5232,13440,-118,524,-210,120218,1540453672852
-14208,3392,7360,1264,-5488,13488,-136,524,-216,120238,1540453672854
-14080,3328,7680,1456,-5216,13440,-173,547,-228,120258,1540453672856
-14080,3456,7808,1440,-5424,13488,-196,526,-201,120278,1540453672901
-14208,3584,8064,1568,-5376,13440,-236,618,-146,120318,1540453672904
-13952,4096,8576,1616,-5296,13440,-266,465,-63,120358,1540453672954
-13312,4672,8192,1616,-5152,13392,-287,278,-76,120378,1540453672956
-13120,4544,8128,1568,-5280,13376,-321,126,-126,120398,1540453673005
-13504,4032,8000,1648,-5200,13456,-342,106,-131,120418,1540453673007
-14208,3456,7424,1664,-5216,13504,-366,164,-39,120438,1540453673059
-14400,3904,6784,1808,-5152,13568,-395,448,-45,120458,1540453673062
-13952,4608,6592,1872,-5024,13184,-134,401,78,120498,1540453673065
-13824,3904,7424,1888,-4896,13024,-2,347,71,120538,1540453673112
-13696,3648,7488,1920,-4896,13040,31,225,60,120558,1540453673163
-13312,2880,7360,1888,-4912,13088,37,139,53,120578,1540453673166
-13120,1664,7680,1856,-4944,13280,-11,-108,-25,120618,1540453673213
-13824,1024,7552,1792,-4960,13360,-48,-76,-73,120638,1540453673215
-14976,704,7616,1776,-4944,13392,-72,-6,-64,120658,1540453673219
-15360,640,7488,1808,-4928,13488,-48,7,-43,120678,1540453673265
-13824,1408,7744,1840,-4864,13488,35,129,-88,120718,1540453673267
-13632,1472,7808,1856,-5008,13488,53,191,-152,120738,1540453673316
-13184,896,7680,1808,-4960,13488,117,167,-202,120758,1540453673319
-12928,576,8448,1824,-4992,13408,123,190,-276,120778,1540453673367
-13056,448,8704,1856,-4976,13328,111,181,-325,120798,1540453673370
-13312,320,8704,1888,-4976,13328,107,108,-344,120818,1540453673374
-13696,320,8832,1872,-4960,13264,92,17,-309,120838,1540453673417
-13824,384,8576,1856,-5024,13360,87,81,-258,120858,1540453673419
-14336,1088,8320,1904,-4992,13296,103,95,-173,120898,1540453673469
-14080,1408,8448,1856,-4960,13184,119,170,-277,120918,1540453673472
-13888,448,9088,1840,-4992,13216,67,58,-239,120958,1540453673519
-14208,128,8832,1840,-5056,13232,36,93,-263,120978,1540453673521
-14080,128,8832,1856,-4944,13312,2,49,-263,120998,1540453673570
-13824,0,8960,1824,-5008,13360,-49,41,-251,121018,1540453673572
-13568,0,8704,1968,-4928,13408,-58,67,-193,121038,1540453673575
-13568,320,8576,1920,-4992,13472,-93,28,-120,121078,1540453673621
-13632,640,8576,1920,-5008,13472,-108,9,-80,121098,1540453673671
-14016,832,8448,1936,-4800,13424,-103,33,-38,121118,1540453673725
-14400,896,8768,1920,-4944,13488,-127,44,-7,121138,1540453673729
-14720,1088,8640,1888,-4816,13456,-133,81,15,121158,1540453673733
-14720,1216,8448,1888,-4992,13472,-138,45,82,121178,1540453673830
-14720,1536,8640,1872,-4976,13536,-148,67,103,121198,1540453673832
-14464,1408,8704,1872,-5056,13568,-167,111,139,121218,1540453673881
-13632,1408,9152,1872,-4928,13632,-209,135,216,121258,1540453673885
-13760,1664,9088,1824,-4928,13632,-210,94,235,121278,1540453673933
-13824,1984,9088,1808,-4928,13664,-198,139,282,121298,1540453673935
-13760,2240,8896,1760,-4928,13680,-192,116,312,121318,1540453673984
-14080,2496,8832,1728,-4912,13712,-179,121,341,121338,1540453673987
-14208,2624,9152,1616,-4912,13680,-151,131,343,121358,1540453674037
-14464,2624,9344,1664,-4896,13696,-147,151,342,121378,1540453674040
-14080,1600,8640,1616,-4944,13776,-150,91,317,121398,1540453674088
-13696,2752,9216,1504,-4976,13760,-96,193,225,121438,1540453674091
-14464,1920,9280,1488,-4992,13808,-128,144,148,121498,1540453674096
-15360,1536,8768,1472,-5024,13888,-165,179,175,121518,1540453674142
-15936,1920,8192,1488,-5024,13904,-203,171,204,121538,1540453674146
-15488,1664,7296,1488,-4992,13936,-216,-89,383,121558,1540453674194
-13056,2496,7744,1424,-4944,14144,-165,172,-33,121638,1540453674197
-12544,2368,7936,1488,-4912,14080,-197,166,-85,121658,1540453674243
-12224,2496,8064,1536,-4960,14128,-225,196,-137,121678,1540453674247
-13056,2816,7616,1616,-4912,14112,-273,150,-176,121698,1540453674252
-14016,3328,7040,1664,-4896,14144,-279,8,-187,121718,1540453674297
-16448,3456,5952,1792,-4816,14112,-238,-6,-196,121758,1540453674300
-16320,4352,5568,1888,-4720,14128,-177,156,-78,121798,1540453674347
-16320,4864,5184,1840,-4672,14048,-119,177,-44,121818,1540453674350
-14976,4928,5440,1872,-4672,14000,-74,240,-18,121838,1540453674399
-14592,5440,5376,1872,-4672,13840,23,199,-20,121858,1540453674450
-14720,5184,4992,1840,-4624,13872,42,105,-2,121878,1540453674453
-14656,5440,5120,1824,-4592,13776,50,15,17,121898,1540453674458
-15360,5184,4992,1776,-4704,13840,50,17,16,121918,1540453674502
-15680,4800,5120,1760,-4624,13872,55,63,31,121938,1540453674554
-15296,4352,5632,1760,-4560,14000,39,74,32,121978,1540453674556
-14080,4224,6080,1712,-4752,13984,5,65,1,121998,1540453674605
-13248,4032,6400,1696,-4640,14064,-25,91,-42,122018,1540453674607
-12672,4160,6656,1664,-4752,14064,-47,81,-47,122038,1540453674661
-12544,4224,6656,1712,-4720,14128,-96,-170,31,122058,1540453674663
-12928,4864,7424,1568,-4832,14160,-93,-53,-54,122078,1540453674711
-13120,4608,6272,1600,-4688,14192,-104,-82,-58,122098,1540453674714
-14528,4352,6336,1536,-4752,14224,-127,-125,-34,122118,1540453674763
-15936,4032,6400,1600,-4784,14128,-169,-43,-73,122158,1540453674766
-15232,4096,5632,1648,-4656,14064,-156,28,-89,122198,1540453674770
-14912,4480,6976,1712,-4672,14032,-121,14,-134,122218,1540453674813
-14528,4800,6720,1696,-4640,14080,-76,50,-149,122238,1540453674816
-14656,4608,7040,1712,-4672,14176,-55,65,-156,122258,1540453674864
-14976,4544,6976,1632,-4624,14160,-34,137,-187,122298,1540453674867
-14976,4352,6848,1680,-4624,14224,-36,182,-237,122338,1540453674915
-15040,4352,6848,1712,-4640,14208,-48,189,-264,122358,1540453674918
-14976,4608,6848,1744,-4592,14224,-31,194,-264,122378,1540453674967
-14848,4672,6848,1744,-4608,14224,-9,192,-248,122398,1540453675016
-15296,4608,6912,1840,-4560,14224,-1,258,-233,122438,1540453675019
-15296,4544,7424,1920,-4576,14176,17,330,-198,122458,1540453675067
-15104,5440,8256,1952,-4544,14176,5,543,-278,122478,1540453675071
-14592,4864,8000,2080,-4448,14032,0,451,-135,122518,1540453675174
-14272,5056,8064,2112,-4608,14080,4,382,-114,122538,1540453675177
-14400,5184,7872,2064,-4528,14048,-6,334,-115,122558,1540453675180
-14592,5056,7680,2128,-4544,14080,1,323,-101,122578,1540453675186
-14848,5056,7616,2112,-4576,14080,-1,272,-81,122598,1540453675225
-14912,4928,7360,2160,-4544,14112,15,305,-49,122618,1540453675229
-15168,4928,7168,2192,-4480,14016,34,346,-3,122638,1540453675276
-15104,5056,7168,2240,-4592,14048,93,331,34,122658,1540453675280
-14912,4288,7808,2384,-4608,13952,166,252,5,122698,1540453675328
-15040,4160,7552,2304,-4624,13984,182,249,15,122718,1540453675331
-15104,3712,7488,2368,-4656,13968,186,271,77,122738,1540453675335
-14720,2688,6720,2416,-4608,13728,228,346,179,122798,1540453675378
-14016,2496,7296,2368,-4832,13712,222,376,191,122818,1540453675381
-14272,2688,7296,2432,-4736,13680,206,294,142,122838,1540453675429
-13632,1728,7488,2288,-4800,13664,137,278,26,122878,1540453675431
-13632,1664,7424,2352,-4960,13776,108,214,10,122898,1540453675480
-13568,1920,7232,2320,-5040,13792,144,146,-14,122938,1540453675483
-14272,1856,7168,2336,-4896,13792,169,194,17,122958,1540453675530
-14528,1728,7680,2352,-5104,13744,184,214,17,122978,1540453675533
-14720,1600,7936,2352,-4992,13696,217,241,19,122998,1540453675538
-14272,1728,7744,2336,-5168,13664,168,361,-109,123018,1540453675580
-13312,1024,8128,2352,-5216,13536,328,159,-89,123058,1540453675582
-13376,896,8384,2384,-5296,13488,354,185,-143,123078,1540453675633
-13568,576,8576,2368,-5376,13488,355,186,-130,123098,1540453675635
-13568,896,8320,2448,-5312,13488,357,164,-94,123118,1540453675684
-13312,1088,8320,2368,-5440,13424,382,130,-47,123138,1540453675687
-13440,1088,8192,2400,-5456,13344,420,110,-17,123158,1540453675692
-13568,1216,8320,2368,-5584,13392,441,90,13,123178,1540453675736
-13312,1280,8640,2368,-5664,13344,454,75,14,123198,1540453675739
-12608,960,8704,2176,-5840,13392,437,-35,-2,123238,1540453675788
-12288,640,8640,2112,-5872,13360,504,-164,109,123258,1540453675790
-12544,640,9088,2048,-6016,13408,380,-3,-44,123278,1540453675842
-12672,576,8576,2032,-6112,13440,349,9,-36,123298,1540453675845
-13056,128,8960,2032,-6224,13440,305,-57,-28,123318,1540453675951
-12864,128,8896,1968,-6240,13504,265,-48,-15,123338,1540453676005
-13248,64,8896,2016,-6304,13440,256,-77,8,123358,1540453676007
-13696,0,8896,1968,-6384,13472,237,-95,48,123378,1540453676012
-14272,-192,9216,1920,-6480,13504,188,-112,94,123418,1540453676110
-14144,-320,9024,1952,-6528,13568,180,-88,127,123438,1540453676112
-14208,-256,9088,1904,-6576,13552,171,-74,158,123458,1540453676160
-13952,-64,9152,1824,-6656,13584,162,-68,185,123478,1540453676163
-13824,128,9216,1760,-6592,13472,145,-57,215,123498,1540453676168
-13824,64,9088,1696,-6736,13568,140,-44,236,123518,1540453676212
-14336,256,9024,1504,-6784,13552,121,-15,283,123538,1540453676214
-14144,704,8896,1504,-6832,13584,105,24,313,123558,1540453676264
-13888,1344,10048,1248,-6896,13488,119,-32,429,123598,1540453676266
-13952,1984,9984,1120,-6848,13424,157,-7,481,123618,1540453676318
-14016,2112,9216,1008,-7040,13536,181,-26,490,123638,1540453676321
-14784,256,10112,864,-7216,13632,72,273,404,123698,1540453676325
-14848,576,10432,928,-7104,13664,17,142,194,123738,1540453676370
-16704,-1600,10176,864,-7520,13984,-352,75,-277,123798,1540453676372
-17536,-1216,8576,960,-7504,14224,-369,316,-175,123818,1540453676422
-18240,1152,6208,1152,-7360,14208,-246,135,221,123858,1540453676424
-16064,1472,7168,1280,-7440,14048,-215,609,44,123898,1540453676475
-15104,576,7808,1328,-7392,13920,-270,618,11,123918,1540453676479
-12096,1856,7360,1392,-7360,13664,-258,645,-149,123958,1540453676484
-11264,2560,7104,1568,-7344,13552,-222,496,-209,123978,1540453676526
-10688,3264,6400,1520,-7504,13568,-175,295,-246,123998,1540453676530
-11200,4160,6208,1552,-7472,13472,-97,123,-204,124018,1540453676577
-12352,5056,5568,1472,-7616,13504,-33,-152,-66,124038,1540453676580
-14016,5312,5568,1280,-7712,13648,-7,-582,152,124058,1540453676630
-15488,4864,5376,1136,-7696,13872,-2,-830,300,124078,1540453676633
-17024,4224,5760,704,-7776,14176,-51,-624,297,124098,1540453676636
-16640,4544,5952,208,-7888,14512,-67,-10,108,124138,1540453676680
-15168,4992,6400,128,-7856,14528,17,11,111,124158,1540453676731
-13888,5248,6208,-32,-7952,14656,6,122,23,124178,1540453676782
-13120,5120,6272,-96,-7968,14608,30,274,-57,124198,1540453676833
-12608,4672,6784,-48,-7984,14608,50,390,-178,124218,1540453676837
-12352,4736,6784,32,-8064,14592,65,476,-327,124238,1540453676840
-13056,4416,6720,224,-7968,14640,106,458,-370,124258,1540453676884
-13504,4160,6912,320,-7936,14608,131,333,-364,124278,1540453676887
-15104,3264,7040,752,-7680,14656,97,285,-326,124318,1540453676936
-15424,3392,7360,912,-7680,14624,78,368,-227,124338,1540453676986
-14784,3264,7360,944,-7488,14496,68,403,-153,124358,1540453676989
-14016,3264,7680,1072,-7520,14448,74,392,-87,124378,1540453677042
-13248,3328,8128,1168,-7472,14272,118,211,-55,124398,1540453677046
-12736,3392,8192,1184,-7440,14304,139,97,-23,124418,1540453677050
-12736,2880,8576,1152,-7424,14240,141,20,-52,124438,1540453677093
-13312,2752,8192,912,-7584,14400,16,-132,-120,124498,1540453677144
-14208,3008,8256,784,-7488,14544,19,-76,-140,124518,1540453677146
-16832,3072,8448,896,-7616,14368,-33,407,-242,124578,1540453677196
-17344,2944,8768,1104,-7488,14176,-52,606,-223,124598,1540453677198
-16832,2880,9216,1120,-7664,14064,2,579,-167,124618,1540453677203
-15680,2880,9600,1328,-7424,13696,58,524,-177,124638,1540453677249
-13248,3072,9856,1328,-7680,13504,128,112,-109,124678,1540453677251
-12928,3008,9664,1296,-7760,13472,171,-85,-139,124698,1540453677299
-12864,2880,9280,1232,-7712,13552,164,-122,-142,124718,1540453677301
-15936,1856,7168,1136,-7696,13472,142,55,31,124758,1540453677351
-16640,2112,6784,1104,-7808,13424,154,319,61,124778,1540453677402
-15360,1856,6016,1184,-7504,13264,240,333,20,124798,1540453677404
-15680,1792,7104,1232,-7568,13200,204,588,57,124818,1540453677406
-14656,640,7488,1328,-7424,13040,95,502,105,124858,1540453677453
-13888,-128,7680,1328,-7408,12864,15,428,84,124878,1540453677456
-13376,-1536,7168,1392,-7520,12720,-83,72,87,124918,1540453677504
-12992,-1984,7360,1392,-7520,12736,-123,30,37,124938,1540453677507
-13824,-960,7808,1360,-7488,12688,-154,80,90,124958,1540453677558
-13952,-1088,6720,1376,-7552,12688,-136,17,76,124978,1540453677561
-14016,-576,7808,1312,-7520,12624,-93,-90,64,124998,1540453677566
-15104,64,7808,1200,-7536,12560,31,50,45,125038,1540453677609
-14592,640,7424,1168,-7520,12576,108,41,126,125058,1540453677661
-13376,1472,7168,1072,-7600,12480,211,-78,208,125078,1540453677664
-12928,1984,7040,944,-7600,12400,428,-326,178,125098,1540453677711
-13440,2688,7232,592,-7664,12432,521,-373,260,125138,1540453677715
-13696,2432,7552,368,-7680,12464,533,-485,327,125158,1540453677718
-13952,1920,7872,224,-7648,12544,513,-539,312,125178,1540453677765
-14272,1408,7744,-288,-7824,12736,407,-393,186,125218,1540453677768
-15040,1920,7232,-368,-7872,12800,423,-267,127,125238,1540453677817
-14400,2048,7040,-512,-7904,12768,453,-553,5,125258,1540453677819
-14528,1600,7424,-608,-7936,12688,441,-474,-39,125278,1540453677869
-15296,896,6784,-880,-7904,12544,434,-606,-58,125298,1540453677871
-15296,128,5760,-1008,-7952,12432,547,-592,381,125318,1540453677874
-16832,1152,6016,-1168,-7888,12656,547,-493,210,125338,1540453677919
-13824,1216,6080,-1184,-7968,12704,466,-475,286,125358,1540453677921
-16448,512,5952,-1712,-7888,12544,377,-283,277,125418,1540453677970
-16512,896,6144,-1792,-8048,12512,403,-138,299,125438,1540453677973
-15936,384,5632,-1856,-7952,12368,345,-16,278,125458,1540453678020
-15424,128,6336,-1968,-8112,12304,294,36,299,125478,1540453678023
-15936,192,6656,-2000,-8000,12112,308,-4,346,125498,1540453678075
-16128,704,6592,-2080,-8112,12144,325,9,396,125518,1540453678078
-16640,1280,6272,-2272,-7920,12032,383,-59,462,125538,1540453678125
-16640,2560,5952,-2544,-7888,12128,439,-20,623,125578,1540453678128
-16256,2752,5504,-2656,-8016,12096,448,112,618,125598,1540453678178
-16320,2688,6336,-2784,-7824,12144,426,171,568,125618,1540453678180
-16000,2432,6464,-2896,-8000,12160,385,174,602,125638,1540453678228
-15744,2432,6336,-3088,-7936,12240,362,160,568,125658,1540453678280
-15552,2624,6016,-3184,-7952,12256,338,230,504,125678,1540453678282
-15104,2688,6016,-3280,-7904,12144,281,228,432,125698,1540453678331
-14848,2432,6080,-3312,-7824,12128,241,167,360,125718,1540453678333
-15936,2112,4992,-3328,-7792,12016,114,-34,266,125758,1540453678382
-17472,2624,4096,-3440,-7760,11984,101,38,320,125778,1540453678385
-17664,3072,3392,-3472,-7728,11968,104,155,360,125798,1540453678435
-18368,3584,3456,-3504,-7600,11872,115,323,415,125818,1540453678437
-16576,3392,3840,-3504,-7664,11712,73,505,329,125838,1540453678486
-15232,3072,4928,-3392,-7680,11392,75,654,254,125858,1540453678488
-14592,3904,4480,-3264,-7696,11040,115,616,128,125898,1540453678541
-15168,4096,4160,-3104,-7776,10880,290,408,74,125938,1540453678543
-15360,4416,3584,-3104,-7760,10800,402,192,111,125958,1540453678593
-15296,4480,3712,-3136,-7744,10736,542,-48,159,125978,1540453678596
-15040,4672,3584,-3200,-7744,10736,641,-174,267,125998,1540453678647
-14720,5888,3776,-3408,-7712,10800,710,-490,170,126038,1540453678649
-14848,6016,3072,-3648,-7696,10864,677,-587,318,126058,1540453678698
-16064,4928,2752,-4080,-7696,11040,587,-100,131,126118,1540453678700
-16448,4352,3584,-4096,-7712,11072,550,-45,135,126138,1540453678749
-16192,4416,3840,-16,-7664,11120,559,-40,145,126158,1540453678751
-15296,4544,3904,-4112,-7776,11024,581,4,111,126178,1540453678754
-14528,4544,4224,-4144,-7792,10880,583,-7,47,126198,1540453678799
-14528,4800,4416,-4128,-7824,10816,570,-97,20,126218,1540453678801
-13760,5120,4096,-4160,-7920,10656,495,-124,3,126258,1540453678849
-15744,5056,3968,-4176,-8016,10352,419,-170,155,126298,1540453678851
-16448,4928,3712,-4016,-8048,10048,361,-135,181,126318,1540453678903
-17152,4608,4288,-3936,-8128,9856,312,145,29,126338,1540453678906
-17472,4032,4864,-3744,-8256,9488,283,379,-93,126378,1540453678909
-16768,4224,5184,-3648,-8192,9360,310,254,-73,126398,1540453678954
-16064,4032,5184,-3664,-8368,9232,328,287,-114,126418,1540453678956
-15680,4160,5184,-3616,-8288,9152,345,205,-156,126438,1540453679008
-14976,4352,5504,-3456,-8352,9072,416,237,-216,126478,1540453679012
-14656,4608,5440,-3504,-8496,8912,439,246,-246,126498,1540453679059
-14784,4864,5504,-3440,-8304,8768,457,331,-286,126518,1540453679062
-15808,4224,5632,-3376,-8512,8688,475,357,-324,126538,1540453679066
-16128,4032,5568,-3296,-8464,8608,455,447,-303,126558,1540453679110
-17024,3520,5952,-3280,-8496,8560,434,487,-284,126578,1540453679113
-17280,3776,6464,-3168,-8432,8432,421,579,-223,126598,1540453679162
-17152,4096,6592,-3136,-8480,8384,423,486,-185,126618,1540453679164
-16384,4160,6976,-3184,-8384,8176,443,204,-30,126658,1540453679213
-16576,3776,6912,-3184,-8432,8224,417,253,-5,126678,1540453679215
-16576,3456,6656,-3136,-8480,8192,391,225,38,126698,1540453679263
-15360,3008,6144,-3152,-8432,8160,376,204,65,126718,1540453679266
-15232,2304,5376,-3136,-8432,8128,369,235,146,126738,1540453679269
-15680,1984,5312,-3136,-8416,7952,296,465,90,126758,1540453679313
-15360,1728,5056,-3120,-8384,7824,279,431,128,126778,1540453679316
-14592,1216,5056,-3184,-8256,7584,252,456,135,126798,1540453679365
-13632,448,5504,-3296,-8176,7184,245,175,91,126838,1540453679368
-13696,192,5248,-3312,-8096,7008,208,103,111,126858,1540453679415
-14016,192,5056,-3376,-8112,6880,205,-48,115,126878,1540453679418
-14272,64,4992,-3392,-8112,6800,182,-35,133,126898,1540453679467
-14720,-320,4864,-3424,-8080,6704,166,-164,133,126918,1540453679470
-15360,-256,4800,-3504,-8112,6656,149,-114,107,126938,1540453679474
-15552,-128,4672,-3472,-8080,6480,144,-60,100,126958,1540453679518
-15616,-256,4800,-3504,-8000,6400,190,14,73,126978,1540453679520
-15552,-768,4928,-3424,-7856,6240,215,168,-29,127018,1540453679569
-15360,-704,5248,-3440,-7936,6208,284,211,-76,127038,1540453679572
-14848,-448,5440,-3392,-7872,6064,358,84,-116,127058,1540453679620
-14848,-320,5824,-3408,-7872,5984,426,-49,-137,127078,1540453679622
-15104,-64,5696,-3360,-7856,5904,478,-61,-127,127098,1540453679671
-15616,-128,5568,-3376,-7792,5840,547,-133,-74,127118,1540453679674
-15936,256,5568,-3392,-7728,5712,634,-272,10,127138,1540453679678
-15680,512,5504,-3456,-7840,5600,676,-316,42,127158,1540453679725
-15488,1216,5632,-3488,-7776,5328,694,-299,166,127198,1540453679728
-15936,896,5504,-3440,-7664,5216,639,-258,183,127218,1540453679775
-16000,128,5568,-3552,-7760,5168,582,-282,172,127238,1540453679779
-15936,-192,5632,-3472,-7600,4960,601,-348,69,127258,1540453679826
-15744,-256,4992,-3520,-7808,4944,579,-128,33,127278,1540453679829
-16256,-384,5056,-3424,-7728,4880,560,101,14,127298,1540453679833
-16512,-512,4608,-3472,-7792,4768,549,43,88,127318,1540453679878
-16448,-768,4800,-3392,-7696,4736,525,63,118,127338,1540453679881
-16256,-448,4800,-3424,-7632,4592,512,43,175,127378,1540453679930
-16192,-576,5120,-3472,-7568,4496,472,27,183,127398,1540453679933
-16128,-1024,5440,-3520,-7344,4448,438,31,180,127418,1540453679985
-15488,-1088,5504,-3552,-7504,4416,397,25,170,127438,1540453679987
-15360,-1216,5440,-3488,-7424,4368,352,-11,191,127458,1540453679992
-15488,-1152,5632,-3520,-7408,4352,308,28,182,127478,1540453680037
-15488,-1024,5568,-3552,-7360,4336,296,21,198,127498,1540453680040
-16000,-1152,5632,-3536,-7328,4272,267,50,228,127518,1540453680088
-16192,-576,5568,-3600,-7232,4128,226,60,289,127558,1540453680091
-16128,-320,5760,-3632,-7120,4048,230,66,331,127578,1540453680139
-16256,-192,5824,-3648,-7024,3984,210,43,373,127598,1540453680145
-16064,-128,6208,-3728,-6992,3984,185,75,373,127618,1540453680150
-15808,-192,6272,-3776,-6960,3968,162,153,341,127638,1540453680192
-15680,64,6272,-3792,-6864,3904,147,199,314,127658,1540453680196
-15424,64,6592,-3856,-6832,3904,137,96,365,127678,1540453680242
-15616,320,6592,-3952,-6800,3856,101,145,352,127698,1540453680246
-16960,3584,4480,-4336,-7024,3840,-52,166,-153,128585,1540453680828
-16512,3584,4928,-4336,-7008,3888,-87,205,-180,128605,1540453680831
-16064,3520,4928,-4304,-7008,3936,-117,208,-151,128625,1540453680878
-15360,4160,4736,-4336,-7088,4016,-107,38,-39,128645,1540453680881
-16192,3712,5632,-4416,-7216,3824,-191,293,-152,128665,1540453680929
-15232,3008,4928,-4480,-7376,3760,-195,317,-232,128685,1540453680931
-14976,3776,4608,-4544,-7376,3744,-153,343,-209,128705,1540453680935
-15808,3712,4672,-4528,-7408,3888,-155,184,-128,128725,1540453680983
-15936,3520,5120,-4400,-7424,4016,-184,281,-105,128745,1540453680985
-15808,3392,5440,-4480,-7472,4176,-221,318,-179,128765,1540453681033
-17024,3712,5184,-4432,-7424,4208,-235,293,-163,128785,1540453681036
-15936,2816,5696,-4400,-7440,4256,-275,414,-133,128805,1540453681039
-16128,2880,5952,-4400,-7520,4352,-342,448,-77,128825,1540453681085
-15232,2816,5248,-4384,-7568,4496,-327,479,-58,128845,1540453681088
-15936,4672,6336,-4384,-7600,4528,-259,360,-110,128865,1540453681091
-15232,4544,7744,-4400,-7472,4608,-285,323,-154,128885,1540453681136
-15616,3776,6336,-4400,-7648,4640,-275,246,-201,128905,1540453681139
-15744,3328,5760,-4384,-7472,4704,-237,-15,-220,128925,1540453681187
-15616,3136,5120,-4368,-7664,4848,-274,186,-206,128945,1540453681190
-16768,2880,4736,-4256,-7632,5008,-279,133,-81,128965,1540453681194
-16576,2688,4096,-4288,-7744,4960,-245,78,-243,128985,1540453681242
-16320,2816,3776,-4224,-7424,5040,-214,371,-116,129005,1540453681246
-15488,2944,4224,-4240,-7568,5136,-159,293,-27,129025,1540453681250
-15360,2624,4608,-4192,-7328,5216,-98,211,-12,129045,1540453681292
-15104,2304,4608,-4192,-7392,5280,-112,263,11,129065,1540453681296
-15168,1664,4992,-4160,-7248,5328,-144,227,-3,129085,1540453681343
-15424,1088,4864,-4176,-7296,5376,-171,248,-13,129105,1540453681347
-15040,640,5056,-4160,-7232,5408,-169,29,-47,129125,1540453681394
-15040,640,3584,-4160,-7280,5456,-170,35,-26,129145,1540453681398
-15808,384,4288,-4096,-7392,5552,-230,167,12,129165,1540453681402
-15808,384,4800,-4128,-7376,5552,-226,210,-23,129185,1540453681447
-15552,320,4736,-4064,-7536,5472,-146,35,-104,129205,1540453681450
-15296,256,4864,-4032,-7552,5520,-115,36,-136,129225,1540453681455
-15040,192,4992,-3952,-7504,5456,-156,79,-184,129245,1540453681497
-11072,1856,6912,-4064,-7632,5296,-24,-51,-109,129265,1540453681501
-17408,1280,4608,-3984,-7712,5232,24,-9,-76,129285,1540453681505
-15488,1280,5504,-4048,-7648,5216,55,10,-9,129305,1540453681549
-15040,1728,5568,-4000,-7600,5184,106,-9,-60,129325,1540453681552
-14400,1856,5568,-4032,-7520,5216,105,-78,-59,129345,1540453681601
-14400,1728,6144,-4016,-7488,5216,90,-79,-75,129365,1540453681604
-14464,1728,5888,-4048,-7472,5200,49,-51,-87,129385,1540453681607
-15104,1344,5760,-4032,-7520,5248,6,9,-114,129405,1540453681652
-15808,1344,5632,-4000,-7552,5280,-13,23,-123,129425,1540453681654
-15808,1280,5312,-3984,-7584,5248,-21,12,-93,129445,1540453681703
-16320,1536,5440,-3936,-7552,5248,13,36,-83,129465,1540453681705
-16512,1600,5248,-3936,-7504,5184,40,47,-42,129485,1540453681753
-16320,1792,5632,-3968,-7520,5200,73,28,-13,129505,1540453681755
-15808,1920,5824,-3952,-7472,5120,100,4,-9,129525,1540453681758
-15424,1728,6080,-3968,-7520,5040,113,-22,-13,129545,1540453681804
-15168,1984,5952,-3968,-7520,5040,110,29,13,129565,1540453681806
-15808,1920,5888,-4016,-7520,4992,115,70,20,129585,1540453681809
-15936,1728,6016,-4032,-7520,4976,98,123,49,129605,1540453681856
-15936,1472,6016,-4016,-7488,4944,95,155,87,129625,1540453681859
-16256,1472,6016,-3968,-7456,4944,104,118,139,129645,1540453681863
-16576,1536,5952,-4064,-7504,4944,114,111,181,129665,1540453681909
-16512,1664,5632,-4080,-7472,4928,122,119,222,129685,1540453681912
-16768,1728,5504,-4128,-7408,4976,150,109,290,129705,1540453681959
-16512,2240,5440,-4256,-7344,4992,177,99,342,129725,1540453681963
-16128,2624,5376,-4304,-7120,4992,201,141,371,129745,1540453682010
-15552,3072,5568,-4368,-7184,4976,225,152,338,129765,1540453682014
-14976,3584,6208,-4480,-7040,4880,227,140,267,129785,1540453682019
-15360,3072,5952,-4512,-7056,4864,205,88,157,129805,1540453682062
-16128,2368,5376,-4496,-6976,4800,162,52,77,129825,1540453682065
-17408,2112,4032,-4528,-7088,4880,145,87,-79,129845,1540453682115
-19904,2112,3456,-4336,-6928,4896,211,55,-4,129865,1540453682120
-19968,3264,2112,-4416,-7040,4976,303,91,169,129885,1540453682124
-17664,3904,1792,-4384,-6720,4928,417,-4,327,129905,1540453682168
-15744,3648,2752,-4544,-6784,4768,465,15,421,129925,1540453682170
-14272,3776,3264,-4656,-6672,4592,509,46,373,129945,1540453682174
-13632,3904,3392,-4704,-6576,4576,517,89,364,129965,1540453682219
-13120,3648,3520,-4736,-6432,4432,486,60,318,129985,1540453682221
-13056,3904,3008,-4864,-6480,4352,458,102,210,130005,1540453682224
-13824,3840,2880,-4864,-6320,4304,451,30,176,130025,1540453682270
-13760,3840,2176,-4816,-6336,4320,432,-107,175,130045,1540453682272
-15872,3648,1792,-4880,-6224,4400,414,-189,194,130065,1540453682321
-15872,3648,1792,-4832,-6112,4352,383,-264,223,130085,1540453682324
-16832,3712,1600,-4800,-5904,4432,347,-345,286,130105,1540453682370
-18176,3584,1728,-4816,-5904,4480,336,-268,327,130125,1540453682372
-18240,3968,1664,-4864,-5648,4528,325,-266,390,130145,1540453682375
-16960,4160,1984,-4896,-5696,4608,328,-261,392,130165,1540453682425
-15808,4224,2304,-4896,-5616,4640,300,-212,307,130185,1540453682428
-14848,4288,2624,-4960,-5584,4656,254,-194,228,130205,1540453682475
-14656,4160,2688,-5008,-5568,4672,256,-89,132,130225,1540453682478
-14656,4352,2304,-4944,-5552,4688,210,-24,68,130245,1540453682482
-15040,4160,2752,-4944,-5568,4640,175,14,-1,130265,1540453682527
-15552,4032,2816,-4944,-5600,4608,143,42,-50,130285,1540453682529
-16320,4032,2880,-4800,-5568,4464,122,29,-95,130305,1540453682533
-16832,4096,2816,-4720,-5568,4464,105,10,-82,130325,1540453682577
-17536,4416,2880,-4688,-5472,4256,45,42,-90,130345,1540453682581
-17920,4864,2816,-4640,-5440,4224,108,98,-25,130365,1540453682584
-17984,5056,2816,-4560,-5408,4112,107,123,-19,130385,1540453682627
-17728,5120,2496,-4512,-5376,4080,133,75,5,130405,1540453682629
-17088,5120,2752,-4496,-5360,3968,143,98,16,130425,1540453682679
-16576,4992,2688,-4528,-5280,3888,163,114,-1,130445,1540453682682
-16448,5056,2624,-4512,-5296,3888,152,181,-31,130465,1540453682733
-16320,4736,2368,-4528,-5280,3856,146,214,-49,130485,1540453682736
-16192,4288,2752,-4528,-5248,3888,117,217,-75,130505,1540453682740
-15744,4288,2944,-4512,-5264,3840,66,237,-110,130525,1540453682784
-15744,4160,3008,-4528,-5248,3840,31,234,-149,130545,1540453682786
-15872,4224,2880,-4544,-5280,3872,-21,285,-168,130565,1540453682839
-16192,4096,2816,-4544,-5232,3856,-78,330,-194,130585,1540453682842
-16384,4224,3008,-4512,-5232,3760,-141,387,-220,130605,1540453682846
-16128,4224,3328,-4480,-5312,3888,-175,384,-223,130625,1540453682892
-16128,4032,3520,-4432,-5312,3792,-213,367,-228,130645,1540453682896
-16064,4032,3456,-4432,-5408,3888,-244,380,-231,130665,1540453682899
-15744,4288,3456,-4432,-5504,3920,-275,397,-242,130685,1540453682943
-15616,4352,3456,-4464,-5536,3936,-292,373,-249,130705,1540453682946
-16064,4224,3648,-4448,-5504,4032,-334,365,-270,130725,1540453682949
-15936,4416,3328,-4512,-5616,4176,-377,448,-309,130745,1540453682994
-16320,4288,3520,-4448,-5616,4464,-425,438,-339,130765,1540453682996
-16512,4416,3648,-4512,-5728,4608,-471,450,-347,130785,1540453683043
-16448,4672,3840,-4544,-5808,4800,-501,351,-361,130805,1540453683046
-15808,5312,3840,-4592,-5920,4928,-523,328,-378,130825,1540453683095
-15552,5440,4544,-4608,-6048,5088,-570,199,-381,130845,1540453683099
-15680,4608,4160,-4640,-6096,5184,-650,95,-349,130865,1540453683102
-17280,2944,2560,-4448,-6336,5200,-537,-105,-412,130885,1540453683145
-18176,3072,2304,-4288,-6480,5296,-602,250,-313,130905,1540453683148
-18176,3840,3072,-4224,-6480,5152,-503,412,-187,130925,1540453683200
-17216,4032,3648,-4176,-6592,4928,-323,492,-147,130945,1540453683203
-15872,3712,4480,-4112,-6512,4512,-164,487,-208,130965,1540453683207
-15168,3712,4480,-4064,-6416,4480,-120,552,-270,130985,1540453683251
-15424,2304,5632,-3984,-6352,4432,-97,498,-254,131005,1540453683254
-15616,640,6272,-4000,-6288,4496,-118,403,-173,131025,1540453683257
-15872,192,5568,-4016,-6320,4496,-129,297,-53,131045,1540453683302
-15808,512,4736,-4032,-6320,4592,-84,-60,44,131065,1540453683304
-15488,128,4992,-4016,-6432,4592,-26,28,31,131085,1540453683306
-15872,-64,4480,-3984,-6448,4624,17,84,60,131105,1540453683352
-16000,0,4416,-3968,-6480,4592,70,83,157,131125,1540453683355
-16384,64,4480,-4000,-6448,4624,130,180,130,131145,1540453683405
-15744,640,4224,-3968,-6384,4592,221,148,152,131165,1540453683408
-15232,576,4800,-4032,-6368,4608,271,172,83,131185,1540453683411
-14784,1216,4800,-4000,-6304,4560,373,80,38,131205,1540453683458
-14656,1216,4864,-4016,-6256,4640,410,17,32,131225,1540453683509
-15040,768,4928,-3984,-6256,4672,428,-61,46,131245,1540453683513
-15168,512,5376,-4080,-6256,4736,403,-31,19,131265,1540453683516
-15168,1024,4992,-4128,-6272,4784,389,27,-41,131285,1540453683520
-15168,704,4992,-4128,-6240,4816,378,29,6,131305,1540453683560
-15360,1216,4928,-4128,-6176,4736,373,-29,50,131325,1540453683562
-16000,2240,4352,-4192,-6144,4768,438,-218,136,131345,1540453683612
-16128,2240,4544,-4176,-6096,4688,441,-176,129,131365,1540453683614
-16832,2496,4416,-4224,-5872,4608,437,24,57,131385,1540453683618
-17280,2432,4480,-4192,-5808,4624,448,188,18,131405,1540453683663
-17344,2112,4608,-4160,-5632,4624,429,216,87,131425,1540453683666
-16832,1920,4736,-4176,-5600,4672,434,194,143,131445,1540453683669
-16320,1856,5120,-4112,-5568,4592,401,296,111,131465,1540453683713
-16256,1472,4992,-4128,-5520,4592,389,374,106,131485,1540453683716
-15488,1152,5376,-4064,-5408,4576,362,409,67,131505,1540453683764
-15232,640,5824,-4112,-5520,4512,357,368,27,131525,1540453683767
-14592,576,6144,-4080,-5392,4432,331,302,15,131545,1540453683772
-14464,960,6272,-4032,-5392,4400,336,244,28,131565,1540453683815
-14592,960,6720,-4000,-5280,4336,322,126,52,131585,1540453683817
-14848,768,6592,-4032,-5296,4368,311,106,45,131605,1540453683866
-15360,640,6848,-3936,-5248,4224,281,129,38,131625,1540453683868
-15552,512,6784,-4048,-5216,4256,237,131,28,131645,1540453683919
-15616,128,6592,-4000,-5040,4272,226,24,57,131665,1540453683921
-15616,448,6528,-4080,-5104,4368,181,71,44,131685,1540453683925
-15872,640,6400,-4064,-5072,4416,141,47,70,131705,1540453683971
-15488,576,6528,-4080,-5104,4464,126,132,65,131725,1540453683974
-15296,896,6464,-4144,-5152,4464,106,181,76,131745,1540453683977
-15104,640,6720,-4192,-5120,4464,64,172,87,131765,1540453684023
-15104,896,7168,-4224,-4992,4448,17,225,93,131785,1540453684026
-15488,896,7168,-4240,-5072,4480,-21,285,92,131805,1540453684032
-15424,896,7232,-4272,-5040,4400,-40,306,111,131825,1540453684075
-15488,960,7232,-4288,-5136,4448,-77,339,135,131845,1540453684079
-15424,1216,7424,-4352,-5136,4384,-86,325,137,131865,1540453684126
-15488,1280,7488,-4368,-5104,4448,-90,323,137,131885,1540453684130
-15424,1152,7744,-4416,-5072,4416,-118,349,179,131905,1540453684133
-16000,896,7808,-4464,-5088,4512,-166,308,282,131925,1540453684178
-16512,960,7936,-4592,-5120,4592,-196,297,342,131945,1540453684182
-16064,1344,7872,-4656,-5040,4688,-242,275,394,131965,1540453684231
-15232,1600,7488,-4800,-5008,4880,-306,283,344,131985,1540453684235
-14592,1600,7552,-4944,-5008,4880,-334,296,319,132005,1540453684239
-14144,1920,7104,-5056,-5008,5056,-370,249,305,132025,1540453684282
-14400,2176,6848,-5088,-4992,5104,-393,218,275,132045,1540453684286
-14528,2560,6400,-5152,-5008,5136,-414,171,233,132065,1540453684334
-14592,2624,5760,-5216,-5040,5216,-435,136,166,132085,1540453684337
-14848,2944,5184,-5200,-5072,5280,-438,141,139,132105,1540453684340
-15872,3456,4416,-5216,-5040,5360,-406,95,173,132125,1540453684386
-16064,3904,4160,-5232,-5024,5376,-382,83,240,132145,1540453684388
-15360,4224,4032,-5296,-5008,5392,-331,149,220,132165,1540453684391
-14848,4608,4224,-5328,-4960,5392,-331,145,239,132185,1540453684437
-14208,4800,4224,-5344,-4976,5408,-337,185,223,132205,1540453684440
-13888,4736,4544,-5344,-5024,5328,-317,169,224,132225,1540453684492
-13696,4992,4800,-5344,-4992,5296,-326,134,202,132245,1540453684496
-13504,5056,4928,-5312,-4976,5280,-338,128,132,132265,1540453684500
-13824,5248,4352,-5296,-5104,5312,-306,124,105,132285,1540453684504
-14080,5504,4480,-5264,-5072,5344,-291,-68,94,132305,1540453684544
-14272,5696,3968,-5296,-5088,5376,-251,-138,98,132325,1540453684595
-14528,6208,3840,-5296,-5120,5392,-185,-154,55,132345,1540453684598
-15168,6272,3328,-5232,-5136,5392,-104,-133,19,132365,1540453684602
-16128,6272,3456,-5184,-5152,5408,-82,-82,8,132385,1540453684646
-16576,6720,3328,-5088,-5040,5392,-45,-14,60,132405,1540453684649
-16128,7616,2816,-5168,-5152,5360,54,-2,71,132425,1540453684652
-15744,8128,2752,-5104,-4960,5232,179,42,-6,132445,1540453684696
-15872,8192,3264,-5120,-4992,5184,287,11,-23,132465,1540453684698
-15744,8064,3392,-5072,-4864,5232,351,6,-59,132485,1540453684747
-16448,7552,3520,-5072,-4928,5232,380,46,-52,132505,1540453684749
-16640,6656,3840,-5072,-4720,5248,365,118,-66,132525,1540453684753
-16320,6208,3840,-5152,-4880,5280,368,186,-76,132545,1540453684798
-15616,5760,4160,-5056,-4640,5232,335,229,-39,132565,1540453684801
-14784,5440,4416,-5040,-4784,5296,340,255,-36,132585,1540453684806
-14016,5312,4928,-4944,-4592,5232,350,164,-50,132605,1540453684849
-13184,5056,4736,-5040,-4656,5280,321,101,-96,132625,1540453684851
-13312,4800,4736,-5024,-4608,5248,271,101,-116,132645,1540453684898
-13312,4672,5056,-5008,-4576,5232,240,90,-152,132665,1540453684900
-13504,4416,5056,-5008,-4400,5216,164,55,-172,132685,1540453684953
-13952,4352,5248,-4960,-4448,5264,105,-71,-205,132705,1540453684955
-13760,4480,5248,-5056,-4416,5312,60,-202,-203,132725,1540453684958
-14080,5056,4608,-5056,-4416,5360,58,-210,-192,132745,1540453685003
-14272,4864,4224,-5152,-4400,5440,63,-264,-246,132765,1540453685006
-14336,4800,4352,-5104,-4368,5520,130,-536,-326,132785,1540453685054
-14720,4096,3392,-5280,-4400,5632,-14,29,-379,132805,1540453685057
-14720,4032,4544,-5232,-4464,5648,-99,354,-538,132825,1540453685060
-14208,3520,5248,-5024,-4512,5424,-130,274,-492,132845,1540453685103
-13888,3264,5056,-4928,-4560,5328,-194,421,-618,132865,1540453685106
-14016,3456,4928,-4656,-4608,5104,-231,398,-631,132885,1540453685110
-15552,3712,4800,-4496,-4656,5072,-244,461,-595,132905,1540453685155
-16128,3264,5056,-4304,-4704,4976,-285,399,-519,132925,1540453685158
-15680,3456,5504,-4176,-4688,4880,-250,293,-480,132945,1540453685209
-14976,3712,5568,-4080,-4752,4736,-222,177,-452,132965,1540453685212
-14976,3520,5568,-4032,-4736,4608,-222,-49,-468,132985,1540453685217
-15744,2880,6144,-3968,-4816,4576,-268,-107,-454,133005,1540453685259
-16896,2496,6080,-3936,-4896,4656,-371,-33,-480,133025,1540453685263
-18624,3200,5952,-3824,-5024,4608,-461,46,-425,133045,1540453685312
-18880,3072,5888,-3776,-5200,4560,-548,390,-383,133065,1540453685314
-20288,3584,6208,-3664,-5216,4576,-548,489,-271,133085,1540453685319
-19264,3392,6016,-3664,-5360,4496,-509,404,-153,133105,1540453685362
-18496,3392,6464,-3728,-5504,4432,-459,362,-120,133125,1540453685364
-17664,3968,6336,-3728,-5504,4368,-406,336,-93,133145,1540453685412
-17536,3776,6400,-3792,-5712,4400,-380,242,-76,133165,1540453685414
-16960,3392,5824,-3888,-5760,4464,-411,189,-40,133185,1540453685418
-17152,3136,5312,-3904,-5936,4448,-430,146,-65,133205,1540453685464
-17152,2944,4480,-4016,-6080,4512,-440,182,-73,133225,1540453685466
-17408,2752,3968,-3952,-6144,4544,-375,172,-99,133245,1540453685470
-17408,2304,3456,-3904,-6256,4544,-340,294,-85,133265,1540453685517
-17920,1984,4160,-3856,-6256,4480,-329,429,-75,133285,1540453685520
-18112,1408,4480,-3856,-6224,4560,-301,564,-39,133305,1540453685524
-17216,704,4672,-3856,-6384,4656,-308,671,-1,133325,1540453685568
-15424,320,5056,-3920,-6368,4688,-334,813,-74,133345,1540453685570
-14080,-128,5248,-3920,-6416,4784,-388,767,-135,133365,1540453685620
-13056,-128,5376,-3936,-6544,4848,-438,630,-184,133385,1540453685623
-12160,-512,5504,-3984,-6592,4960,-493,454,-214,133405,1540453685672
-11456,-576,5440,-3904,-6704,4960,-512,381,-349,133425,1540453685674
-12096,-448,5504,-3920,-6928,4992,-507,461,-485,133445,1540453685678
-12032,-768,5696,-3904,-6848,5024,-520,476,-575,133465,1540453685726
-13056,-512,5760,-3872,-7152,5056,-454,477,-554,133485,1540453685729
-13120,128,5376,-3744,-7248,4992,-364,384,-469,133505,1540453685776
-12864,832,4800,-3728,-7312,5056,-221,301,-371,133525,1540453685780
-13056,1600,4736,-3696,-7328,5040,-16,225,-368,133545,1540453685784
-13056,1600,4928,-3632,-7296,5008,135,85,-313,133565,1540453685829
-12864,1408,5184,-3584,-7152,5040,234,-166,-153,133585,1540453685832
-13312,1344,5440,-3568,-7104,5056,285,-231,-30,133605,1540453685836
-13440,1920,5376,-3536,-7056,5056,318,-128,-31,133625,1540453685883
-13376,1728,5056,-3472,-7120,5136,370,-16,-56,133645,1540453685886
-12992,1280,4800,-3488,-7136,5168,371,-13,-25,133665,1540453685889
-12608,1088,4800,-3360,-7024,5168,395,-25,104,133685,1540453685933
-12928,768,4736,-3312,-7088,5088,568,-281,175,133705,1540453685936
-13504,1216,5056,-3216,-7056,5200,614,-185,119,133725,1540453685985
-12800,960,4864,-3120,-7072,5328,528,-124,-175,133745,1540453685988
-12160,576,3968,-3088,-7008,5344,540,-127,-158,133765,1540453685990
-14592,384,3712,-3056,-7008,5424,543,-449,2,133785,1540453686036
-15232,320,4032,-2976,-6960,5520,547,-263,141,133805,1540453686038
-16256,448,3968,-3008,-6992,5520,472,-129,331,133825,1540453686087
-14080,1536,4032,-3024,-6976,5504,510,-640,278,133845,1540453686089
-16384,-320,4672,-3104,-6976,5168,528,-522,459,133865,1540453686092
-17216,768,5248,-3200,-6928,4736,489,-298,289,133885,1540453686140
-15872,768,4800,-3312,-6880,4240,355,-308,275,133905,1540453686144
-16704,320,4864,-3296,-6736,4224,375,-961,462,133925,1540453686192
-16256,1024,3840,-3280,-6640,4080,352,-1673,680,133945,1540453686195
-18816,1216,4224,-3504,-6704,3136,311,-1445,73,133965,1540453686198
-14784,1152,3072,-3808,-6720,2624,288,-755,-488,133985,1540453686243
-17408,1536,2816,-4000,-6736,2176,291,-571,-658,134005,1540453686246
-20992,1088,2944,-4016,-6800,1904,295,-248,-191,134025,1540453686251
-23296,320,2240,-3936,-6768,1680,433,-1025,69,134045,1540453686294
-19072,1856,2752,-3904,-6832,1568,347,-1300,27,134065,1540453686297
-19008,384,1088,-3888,-6592,1344,336,-1852,111,134085,1540453686346
-19584,576,-640,-3856,-6704,1552,361,-1941,120,134105,1540453686348
-17024,1728,64,-3616,-6480,2336,131,-1580,-99,134125,1540453686352
-17536,576,-2624,-3584,-6336,2880,128,-1242,-57,134145,1540453686396
-24960,-4032,-11072,-3120,-5936,4272,1008,-2749,727,134165,1540453686398
-7488,1792,2816,-3072,-5728,5440,366,-2269,-104,134185,1540453686447
-19264,1600,-3392,-3264,-5568,6304,-104,-1377,-24,134205,1540453686450
-16192,384,-4224,-3744,-5600,6704,-297,-740,-218,134225,1540453686453
-17984,0,-4800,-3856,-5328,6768,-368,-111,-282,134245,1540453686499
-19648,-1280,-4480,-3824,-5376,6736,-295,-630,110,134265,1540453686502
-20352,-1280,-5632,-3920,-5280,6736,19,-1162,266,134285,1540453686553
-5696,-1728,2368,-4160,-5280,6416,-565,864,-492,134305,1540453686556
-20544,-7296,-5248,-4976,-4992,3632,-586,1465,-118,134325,1540453686562
-14656,3712,-5056,-5840,-4752,3104,-541,791,-637,134345,1540453686604
-16256,-2816,-3392,-6592,-4464,3056,-894,1928,-165,134365,1540453686606
-16256,-576,-3072,-7152,-4448,3040,-833,2711,-511,134385,1540453686611
-20096,-2496,-4096,-8464,-4288,2944,-569,1564,-276,134405,1540453686653
-20224,-2752,-1792,-8976,-4256,3056,-400,-75,267,134425,1540453686657
-17984,-832,-2816,-9680,-4192,3456,-522,195,189,134445,1540453686706
-16832,-832,-2816,-10000,-4144,3664,-623,245,198,134465,1540453686708
-17600,-64,-3520,-10288,-4272,4016,-478,21,182,134485,1540453686759
-17024,832,-4608,-10432,-4352,4144,-252,-199,290,134505,1540453686762
-16768,1024,-5056,-10544,-4384,4304,-84,-348,233,134525,1540453686764
-15744,1664,-4736,-10528,-4384,4400,260,-205,264,134545,1540453686812
-14784,1024,-6720,-10576,-4368,4368,678,-94,372,134565,1540453686814
-14976,1216,-6080,-10560,-4304,4416,-141,2990,1803,134585,1540453686863
-15040,-3200,-4288,-11200,-4160,4576,105,5239,2237,134605,1540453686866
-12288,2624,-4032,-11760,-4000,4752,551,1833,963,134625,1540453686915
-15680,4032,-960,-12224,-3888,4896,422,209,892,134645,1540453686917
-17344,2944,-1856,-12352,-3776,4960,588,-645,939,134665,1540453686921
-17280,3968,-1280,-12352,-3616,4848,455,-1064,482,134685,1540453686966
-17536,7488,320,-12288,-3504,4784,593,-1662,135,134705,1540453686969
-18944,8256,-3392,-12080,-3456,4544,923,-2025,33,134725,1540453687018
-18432,6080,-3776,-11872,-3328,4464,1092,-2706,-155,134745,1540453687023
-16000,5184,-4672,-11488,-3216,4160,1263,-3721,-195,134765,1540453687069
-15680,4800,-5952,-11184,-3120,4016,1221,-4652,-486,134785,1540453687072
-13568,3776,-8896,-10288,-2912,3712,1849,-4287,-420,134805,1540453687121
-26368,4224,448,-9584,-2688,3568,981,-1398,337,134825,1540453687124
-32640,1344,3456,-9456,-2576,3568,829,-1112,400,134845,1540453687176
-26432,1408,-6400,-9328,-2480,3536,1494,-2062,312,134865,1540453687181
-8832,2368,-8512,-8912,-2224,3472,1338,-1265,143,134885,1540453687185
-2048,4416,-7296,-8768,-2016,3424,787,-154,-236,134905,1540453687191
-4544,4736,-7808,-8592,-1952,3392,514,-272,-587,134925,1540453687225
-9216,4096,-11072,-8512,-1824,3360,827,308,-269,134945,1540453687277
-16064,4928,-6976,-8560,-1760,3392,473,457,6,134965,1540453687280
-21376,5376,-5888,-8544,-1600,3328,229,735,221,134985,1540453687282
-20096,4928,-5952,-8672,-1584,3392,-41,825,132,135005,1540453687326
-14400,5504,-6592,-8816,-1600,3280,-200,858,-329,135025,1540453687378
-12544,6080,-8256,-8864,-1600,3296,-208,762,-417,135045,1540453687380
-13248,6400,-8256,-8976,-1680,3328,-98,406,-227,135065,1540453687429
-15104,6272,-8768,-9072,-1600,3296,60,312,-17,135085,1540453687432
-15488,5568,-7104,-9024,-1536,3312,-25,223,-55,135105,1540453687435
-16064,5056,-7360,-9088,-1664,3344,-35,271,-124,135125,1540453687481
-15680,4736,-7040,-9056,-1632,3296,-121,400,-213,135145,1540453687484
-15424,4608,-7552,-9104,-1648,3328,-147,445,-226,135165,1540453687533
-14976,4800,-7552,-9152,-1712,3296,-121,387,-132,135185,1540453687535
-14656,4800,-8000,-9120,-1712,3264,-63,349,-51,135205,1540453687585
-15360,4608,-7168,-9152,-1632,3264,-61,342,1,135225,1540453687587
-15104,4160,-6592,-9216,-1712,3264,-108,387,-50,135245,1540453687638
-15744,4416,-6848,-9232,-1648,3296,-143,447,-36,135265,1540453687640
-14976,4864,-6400,-9328,-1696,3248,-168,392,-52,135285,1540453687645
-15040,4864,-6656,-9312,-1648,3280,-204,570,-121,135305,1540453687688
-15104,5120,-6912,-9408,-1776,3376,-124,619,-58,135325,1540453687691
-15360,4864,-6592,-9488,-1776,3328,-112,453,0,135345,1540453687741
-15552,4864,-6592,-9568,-1808,3328,-36,479,26,135365,1540453687745
-15744,4928,-6592,-9536,-1808,3328,-9,466,9,135385,1540453687797
-15744,4736,-6272,-9616,-1792,3328,-43,494,-101,135405,1540453687800
-15616,4480,-5888,-9712,-1760,3344,-21,355,-99,135425,1540453687905
-15872,4288,-6208,-9744,-1776,3328,-56,293,-147,135445,1540453687908
-15424,4416,-5760,-9744,-1808,3312,-35,653,-298,135465,1540453687911
-15872,4672,-6144,-9792,-1808,3360,-21,661,-256,135485,1540453687956
-16320,4352,-5504,-9888,-1824,3344,-34,524,-193,135505,1540453687960
-16128,4224,-5440,-9952,-1776,3376,8,543,-150,135525,1540453688008
-15424,4736,-5632,-10000,-1792,3408,-30,305,-88,135545,1540453688012
-16320,4160,-4928,-10032,-1792,3392,1,253,-17,135565,1540453688059
-16320,4224,-4992,-10000,-1808,3344,-8,145,27,135585,1540453688109
-16192,4096,-4672,-10032,-1744,3376,-24,123,53,135605,1540453688113
-16320,4096,-4928,-10032,-1776,3376,-40,116,38,135625,1540453688212
-16256,4096,-4928,-10064,-1744,3424,-87,80,47,135645,1540453688215
-16064,4416,-5056,-10016,-1760,3376,-74,98,19,135665,1540453688217
-15808,4672,-5056,-10016,-1824,3408,-17,107,3,135685,1540453688264
-16320,4992,-5632,-10000,-1744,3360,49,148,-30,135705,1540453688266
-16256,4736,-4864,-10032,-1760,3376,49,218,-77,135725,1540453688316
-16000,4096,-4864,-10016,-1776,3376,57,213,-70,135745,1540453688367
-15808,4096,-4736,-10064,-1728,3344,46,257,-85,135765,1540453688372
-15744,4096,-4864,-10032,-1712,3344,63,256,-46,135785,1540453688376
-15872,4160,-4864,-10080,-1712,3360,48,262,-2,135805,1540453688415
-15872,4160,-4480,-10112,-1680,3376,-11,182,44,135825,1540453688420
-16000,4160,-4672,-10048,-1728,3360,-42,134,111,135845,1540453688470
-16000,4224,-4544,-10096,-1664,3376,-72,90,157,135865,1540453688472
-15936,4288,-4928,-10064,-1632,3344,-98,30,159,135885,1540453688474
-15872,4800,-5184,-10080,-1744,3360,-79,14,179,135905,1540453688522
-16064,4800,-5248,-10080,-1696,3376,-59,-21,161,135925,1540453688525
-16192,4736,-5312,-10048,-1744,3376,-36,10,146,135945,1540453688572
-16128,4992,-5312,-10000,-1632,3360,-24,18,107,135965,1540453688574
-15808,5056,-5120,-9984,-1712,3344,-22,65,33,135985,1540453688625
-15936,5056,-5120,-10000,-1600,3360,2,36,-20,136005,1540453688630
-15936,5184,-5632,-10032,-1712,3360,95,186,-15,136025,1540453688678
-16000,5312,-4928,-9968,-1600,3312,155,277,31,136045,1540453688728
-16000,4800,-4480,-10032,-1648,3376,129,244,24,136065,1540453688778
-15744,4544,-4288,-9952,-1536,3376,74,169,-53,136085,1540453688780
-16128,4672,-4736,-10048,-1616,3328,33,209,-94,136105,1540453688832
-16256,4736,-4992,-10032,-1584,3360,38,268,-91,136125,1540453688835
-15936,4928,-4736,-10064,-1632,3312,51,299,-87,136145,1540453688838
-15936,4608,-4608,-10032,-1520,3312,45,307,-124,136165,1540453688883
-15936,4608,-4608,-10144,-1584,3328,35,438,-164,136185,1540453688936
-15936,4736,-4800,-10176,-1568,3328,49,531,-231,136205,1540453688938
-16000,4800,-4224,-10176,-1536,3376,64,658,-320,136225,1540453688987
-16128,4736,-4288,-10272,-1536,3344,84,719,-237,136245,1540453689041
-16640,4672,-4288,-10336,-1520,3328,58,648,-193,136265,1540453689043
-16576,4608,-3776,-10400,-1440,3344,69,562,-167,136285,1540453689092
-16384,4480,-3648,-10464,-1552,3408,82,536,-154,136305,1540453689145
-16256,4544,-3648,-10512,-1520,3392,82,444,-110,136325,1540453689148
-16128,4480,-3520,-10576,-1472,3408,39,321,-94,136345,1540453689153
-16128,4224,-3328,-10624,-1440,3408,33,310,-55,136365,1540453689193
-16320,4480,-3200,-10688,-1440,3440,45,282,-25,136385,1540453689296
-16192,4352,-3200,-10672,-1360,3408,47,241,-4,136405,1540453689299
-16256,4288,-2944,-10672,-1408,3408,-7,145,-1,136425,1540453689302
-16128,4352,-2688,-10688,-1408,3440,-52,179,-26,136445,1540453689347
-16192,4160,-3200,-10720,-1376,3424,-64,191,-10,136465,1540453689350
-16256,4288,-2944,-10704,-1408,3424,-112,187,-37,136485,1540453689400
-16192,4032,-3072,-10688,-1456,3440,-170,206,-69,136505,1540453689402
-16512,3968,-3328,-10720,-1472,3424,-207,107,-42,136525,1540453689457
-16448,4224,-3264,-10720,-1456,3424,-175,109,-48,136545,1540453689461
-16640,4224,-3200,-10704,-1488,3440,-151,128,-54,136565,1540453689561
-16448,4416,-3328,-10720,-1520,3424,-120,124,-20,136585,1540453689565
-16704,4480,-3136,-10688,-1552,3440,-87,106,18,136605,1540453689664
-16640,4480,-3008,-10720,-1520,3424,-93,110,-8,136625,1540453689667
-16512,4224,-3136,-10704,-1536,3456,-81,153,-14,136645,1540453689669
-16576,4416,-2944,-10688,-1552,3488,-52,119,-16,136665,1540453689673
-16320,4352,-3200,-10688,-1584,3440,-60,102,-7,136685,1540453689713
-16256,4352,-3264,-10656,-1536,3440,-46,90,2,136705,1540453689716
-16320,4288,-3008,-10640,-1584,3424,-74,85,-19,136725,1540453689765
-16448,4288,-3264,-10704,-1584,3424,-22,135,-44,136745,1540453689767
-16512,4288,-3200,-10672,-1584,3376,-25,100,-45,136765,1540453689815
-16320,4224,-3520,-10640,-1552,3408,-5,110,-62,136785,1540453689818
-16256,4032,-3136,-10688,-1568,3424,-91,70,-80,136845,1540453689822
-16256,4224,-3136,-10672,-1552,3392,-63,59,-106,136865,1540453689867
-16576,4288,-3392,-10560,-1472,3424,-37,123,-49,136905,1540453689870
-16256,4160,-3456,-10640,-1600,3424,-47,124,-44,136925,1540453689920
-16384,4224,-3520,-10592,-1424,3456,-39,111,-54,136945,1540453689922
-16448,4160,-3712,-10624,-1600,3408,-22,89,-40,137005,1540453690021
-16896,4544,-3776,-10576,-1584,3360,52,129,-104,137045,1540453690023
-16704,4544,-3392,-10640,-1472,3376,101,129,-98,137065,1540453690026
-16704,4352,-3456,-10576,-1552,3408,123,121,-99,137085,1540453690030
-16256,4224,-3456,-10608,-1536,3440,138,134,-131,137105,1540453690075
-16256,4224,-3456,-10592,-1504,3440,118,132,-121,137125,1540453690079
-16256,3584,-3328,-10608,-1504,3408,6,72,-58,137185,1540453690126
-16576,3648,-3392,-10544,-1456,3408,-5,73,-62,137205,1540453690129
-16576,3904,-3648,-10544,-1504,3408,-7,68,-59,137225,1540453690180
-16448,4032,-3712,-10544,-1456,3392,9,80,-70,137245,1540453690183
-16576,3904,-3456,-10560,-1440,3376,54,110,-39,137305,1540453690232
-16192,3520,-3264,-10544,-1392,3360,-39,144,19,137365,1540453690234
-16384,3904,-3392,-10512,-1440,3328,-73,133,35,137385,1540453690282
-16448,4160,-3648,-10480,-1424,3376,-83,117,37,137425,1540453690285
-16256,4224,-3392,-10496,-1392,3376,-59,97,-22,137445,1540453690391
-16512,4224,-3840,-10528,-1408,3408,-24,121,-37,137465,1540453690394
-16576,4352,-3840,-10464,-1424,3376,-5,140,-26,137485,1540453690397
-16320,3840,-3456,-10512,-1408,3408,-31,116,-23,137525,1540453690441
-16320,3648,-3712,-10480,-1360,3360,-39,109,-19,137545,1540453690445
-16384,3840,-3520,-10496,-1456,3424,-34,90,-11,137565,1540453690492
-16512,3776,-3712,-10480,-1376,3392,-29,28,19,137585,1540453690496
-16512,4032,-3840,-10496,-1408,3392,12,-123,53,137605,1540453690500
-16640,4032,-3968,-10480,-1424,3392,61,-198,59,137625,1540453690543
-16384,4160,-4160,-10384,-1424,3392,80,-309,46,137645,1540453690546
-16448,4160,-4288,-10320,-1360,3376,105,-379,43,137665,1540453690595
-16320,4096,-4032,-10192,-1312,3328,80,-307,32,137705,1540453690598
-15936,4160,-4160,-10064,-1216,3328,40,-171,-35,137725,1540453690645
-15872,4288,-4800,-10032,-1248,3296,15,-134,-29,137745,1540453690647
-15808,4160,-4800,-9984,-1264,3296,1,-96,-28,137785,1540453690696
-15872,4224,-4864,-9984,-1200,3376,-31,-87,-17,137805,1540453690699
-15936,4288,-4800,-9936,-1280,3328,-86,-80,4,137825,1540453690702
-15808,4160,-5056,-9888,-1152,3312,-133,-38,-44,137845,1540453690746
-16000,4224,-5504,-9808,-1296,3280,-87,75,-126,137885,1540453690748
-16320,4416,-5504,-9808,-1296,3312,-24,164,-128,137905,1540453690851
-16320,4480,-5376,-9824,-1136,3296,-30,86,-82,137925,1540453690854
-16320,4224,-5440,-9808,-1328,3280,-17,86,-95,137945,1540453690857
-16000,4288,-5440,-9792,-1296,3296,-13,80,-90,137965,1540453690903
-16064,4096,-5504,-9808,-1344,3296,-5,58,-58,137985,1540453690905
-16128,3904,-5440,-9776,-1328,3296,-61,80,-21,138025,1540453690954
-15872,3904,-5504,-9776,-1328,3296,-106,108,-21,138065,1540453690957
-16000,4096,-5504,-9728,-1376,3264,-94,133,-14,138085,1540453691009
-16000,4096,-5376,-9728,-1328,3344,-101,124,-31,138125,1540453691013
-15936,4032,-5504,-9744,-1360,3328,-94,146,-30,138145,1540453691018
-16192,4032,-5504,-9776,-1376,3280,-86,85,-17,138185,1540453691059
-16192,3776,-5952,-9728,-1376,3296,-138,-1,10,138205,1540453691063
-16128,4288,-5696,-9664,-1392,3280,-85,-32,103,138245,1540453691112
-16320,4032,-6016,-9680,-1424,3312,-66,33,34,138265,1540453691163
-16128,4096,-5952,-9648,-1456,3264,-76,79,18,138285,1540453691167
-16000,4096,-5696,-9648,-1440,3248,-85,93,34,138305,1540453691213
-15872,4160,-5632,-9568,-1472,3280,-95,127,13,138325,1540453691215
-15744,4096,-5888,-9584,-1424,3312,-91,148,16,138345,1540453691264
-15808,4096,-5760,-9648,-1504,3296,-94,157,10,138365,1540453691266
-15808,4160,-5568,-9664,-1568,3280,-109,153,2,138385,1540453691314
-15872,4288,-5952,-9664,-1552,3312,-102,172,13,138425,1540453691317
-15808,4352,-5952,-9616,-1552,3312,-90,184,6,138445,1540453691368
-15680,4480,-5888,-9712,-1504,3312,-89,175,-25,138465,1540453691371
-15744,4416,-5696,-9632,-1504,3296,-58,195,-35,138485,1540453691476
-15744,4288,-5824,-9648,-1536,3328,-51,197,-27,138505,1540453691478
-15680,4160,-5888,-9680,-1520,3280,-64,181,-15,138525,1540453691482
-15680,4224,-5632,-9664,-1520,3280,-57,181,-22,138545,1540453691486
-16064,4160,-5760,-9680,-1584,3296,-52,178,-9,138565,1540453691488
-15360,5248,-6912,-9696,-1552,3296,79,65,-99,138645,1540453691525
-15552,4992,-6592,-9696,-1424,3280,190,138,-286,138665,1540453691576
-16256,4480,-5568,-9648,-1536,3296,199,127,-272,138685,1540453691627
-16640,4608,-5376,-9632,-1392,3296,257,100,-241,138705,1540453691630
-16192,3648,-4928,-9632,-1472,3248,239,184,-279,138725,1540453691634
-15744,3072,-5120,-9680,-1296,3264,164,107,-195,138745,1540453691678
-15552,3008,-5376,-9552,-1296,3264,23,61,-43,138785,1540453691681
-15552,3456,-5248,-9616,-1328,3280,-33,36,-21,138805,1540453691729
-16128,3712,-5888,-9616,-1136,3248,-51,38,-6,138825,1540453691731
-16256,3712,-6400,-9616,-1344,3264,-50,27,-60,138845,1540453691833
-15616,3712,-6336,-9600,-1312,3280,-72,40,-100,138865,1540453691836
-16320,3776,-6208,-9504,-1344,3280,-73,50,-64,138905,1540453691840
-16512,3968,-5952,-9552,-1392,3280,-66,116,-88,138925,1540453691845
-16000,4224,-6080,-9600,-1392,3264,29,301,-238,138965,1540453691882
-15872,4096,-6144,-9648,-1392,3248,43,302,-272,138985,1540453691935
-15872,3712,-6400,-9616,-1280,3264,0,253,-223,139005,1540453691938
-16000,3328,-6336,-9616,-1360,3312,1,281,-172,139025,1540453691942
-16256,3072,-5952,-9680,-1280,3328,-42,274,-156,139065,1540453691986
-16064,3264,-5824,-9696,-1280,3296,-63,230,-156,139085,1540453692036
-15872,3392,-5568,-9728,-1344,3264,-69,205,-136,139105,1540453692087
-15808,2880,-5440,-9744,-1328,3296,-95,188,-166,139145,1540453692090
-15936,2496,-5312,-9792,-1344,3344,-148,233,-145,139165,1540453692094
-16128,2752,-5120,-9808,-1328,3328,-314,114,52,139205,1540453692138
-15808,3136,-5440,-9792,-1424,3360,-332,95,69,139225,1540453692140
-16128,3456,-5824,-9792,-1424,3392,-309,91,82,139245,1540453692190
-16192,3776,-6208,-9808,-1472,3312,-252,139,47,139265,1540453692194
-16128,3712,-6144,-9776,-1552,3360,-202,133,0,139285,1540453692243
-16576,3328,-6400,-9872,-1616,3360,-151,170,-14,139325,1540453692294
-16448,3136,-5888,-9840,-1616,3344,-173,205,-36,139345,1540453692297
-16512,2752,-5632,-9840,-1632,3344,-161,209,-16,139385,1540453692302
-16512,2624,-5312,-9856,-1632,3360,-191,227,27,139405,1540453692400
-16512,2624,-5504,-9856,-1632,3376,-212,273,85,139425,1540453692403
-16192,2688,-5056,-9888,-1760,3376,-256,271,109,139445,1540453692452
-15936,2688,-5056,-9872,-1632,3360,-275,271,104,139465,1540453692454
-16000,3008,-5760,-9952,-1760,3360,-342,212,145,139505,1540453692457
-16256,3136,-5824,-9920,-1744,3408,-373,194,134,139525,1540453692504
-16576,3648,-6400,-9920,-1808,3424,-295,208,12,139565,1540453692506
-16192,3904,-6464,-9920,-1936,3440,-194,249,-127,139585,1540453692554
-16000,3840,-6464,-9904,-1872,3424,-90,256,-181,139605,1540453692557
-15936,3456,-6080,-9984,-1984,3424,-46,205,-156,139625,1540453692604
-17600,4416,-6208,-9952,-1824,3456,65,31,-107,139645,1540453692607
-16704,2880,-4992,-10000,-1968,3408,72,198,-190,139705,1540453692659
-16128,2944,-4992,-10000,-1728,3440,141,199,-211,139725,1540453692662
-15872,3264,-4928,-9952,-1904,3408,153,196,-248,139745,1540453692709
-15808,3328,-4928,-10016,-1840,3392,180,232,-279,139765,1540453692713
-16448,3008,-5440,-10080,-1872,3408,186,343,-252,139805,1540453692761
-16704,2240,-5248,-10128,-1824,3328,78,330,-129,139865,1540453692764
-16448,1984,-5376,-10128,-1840,3408,42,333,-161,139885,1540453692809
-16448,1856,-4736,-10160,-1792,3424,39,296,-178,139905,1540453692860
-16640,1728,-4608,-10160,-1760,3392,73,322,-132,139925,1540453692864
-16704,1856,-4608,-10192,-1792,3376,59,371,11,139945,1540453692911
-17344,1856,-4544,-10240,-1760,3392,139,521,231,139965,1540453692914
-17344,2304,-5056,-10304,-1744,3440,248,611,332,139985,1540453692967
-16256,2816,-3328,-10560,-1520,3456,205,1014,112,140045,1540453692969
-16384,2944,-3840,-10656,-1520,3440,182,641,39,140065,1540453692973
-16192,3264,-2240,-10784,-1440,3424,131,262,-164,140085,1540453693019
-16256,3136,-3136,-10816,-1472,3488,144,222,-245,140105,1540453693022
-16640,3008,-3136,-10800,-1424,3472,143,76,-281,140145,1540453693069
-17152,2688,-2880,-10736,-1344,3472,169,75,-330,140185,1540453693121
-16832,2368,-3456,-10736,-1360,3472,185,275,-188,140225,1540453693123
-16704,2240,-3200,-10720,-1344,3408,141,252,-113,140245,1540453693225
-16576,2112,-3008,-10736,-1248,3504,133,295,-3,140265,1540453693228
-16768,2304,-3136,-10752,-1248,3440,134,555,155,140285,1540453693231
-17216,1920,-3072,-10832,-1200,3504,184,987,378,140305,1540453693275
-17536,1984,-2816,-10960,-1136,3440,253,1071,525,140325,1540453693279
-16576,2752,-1984,-11056,-1040,3520,230,714,427,140345,1540453693326
-16128,3072,-1728,-11136,-1072,3520,204,445,346,140365,1540453693377
-16512,2944,-576,-11184,-928,3536,124,55,127,140405,1540453693380
-16768,2688,-640,-11152,-912,3552,67,59,66,140425,1540453693428
-16640,3008,-960,-11168,-896,3520,48,185,19,140445,1540453693479
-16832,2880,-1344,-11120,-768,3584,-58,147,62,140465,1540453693482
-16000,2496,-1280,-11120,-832,3520,-243,-119,4,140505,1540453693531
-16512,2432,-1344,-11104,-944,3520,-301,-323,-32,140525,1540453693534
-16896,3648,-1024,-11008,-912,3488,-358,-1093,-248,140545,1540453693537
-17152,4160,-4352,-10592,-992,3424,-84,-1015,-55,140585,1540453693587
-16896,5184,-4224,-10512,-1104,3376,90,-553,132,140605,1540453693589
-16704,4032,-3520,-10432,-912,3344,362,-185,314,140665,1540453693637
-15808,4864,-3264,-10416,-864,3392,367,-507,145,140685,1540453693687
-16512,5312,-3840,-10240,-768,3328,377,-686,196,140705,1540453693741
-16448,4480,-3968,-10144,-752,3360,266,-708,218,140725,1540453693745
-16064,3072,-4288,-9968,-624,3312,161,-8,138,140765,1540453693793
-15872,3776,-5504,-9840,-624,3376,245,141,166,140785,1540453693796
-15872,3968,-4672,-9856,-608,3280,133,129,149,140805,1540453693847
-16128,3456,-3904,-9856,-560,3296,-2,85,196,140825,1540453693849
-16320,4160,-4736,-9840,-560,3296,-48,171,245,140865,1540453693957
-16576,4544,-4288,-9824,-528,3296,-108,40,303,140885,1540453693960
-15872,4992,-4352,-9840,-576,3328,-137,-49,277,140905,1540453693964
-15232,5504,-4992,-9648,-672,3296,-58,13,36,140985,1540453694065
-15680,5440,-5184,-9664,-592,3312,-23,35,-17,141005,1540453694068
-15424,5376,-5056,-9584,-608,3296,10,98,-64,141025,1540453694114
-15552,5440,-5056,-9600,-624,3280,56,138,-94,141045,1540453694118
-15808,5184,-4800,-9648,-592,3264,27,189,-97,141065,1540453694165
-15552,5312,-4864,-9712,-592,3328,39,226,-163,141125,1540453694168
-15680,5184,-4864,-9680,-544,3264,13,246,-179,141145,1540453694216
-16192,5568,-5184,-9680,-560,3280,11,288,-228,141185,1540453694267
-16384,5632,-4992,-9744,-560,3296,51,274,-222,141225,1540453694317
-16768,5056,-5568,-9808,-544,3296,118,357,-232,141245,1540453694320
-16256,4288,-4480,-9856,-480,3264,104,370,-198,141265,1540453694425
-16384,4224,-4544,-9856,-496,3328,55,225,-89,141305,1540453694428
-16000,4032,-4288,-9904,-304,3296,42,210,-25,141325,1540453694431
-15936,3776,-3840,-9872,-416,3312,-50,155,14,141345,1540453694434
-16000,4160,-3904,-9920,-352,3312,-78,178,30,141365,1540453694478
-16128,4608,-4288,-9920,-448,3328,-74,161,12,141385,1540453694526
-16128,4864,-4288,-9904,-416,3360,-83,183,13,141405,1540453694530
-15936,4800,-4480,-9856,-480,3344,-34,113,-102,141485,1540453694577
-16192,4736,-4736,-9824,-480,3328,-33,126,-66,141505,1540453694580
-16384,4736,-4352,-9904,-304,3376,-16,140,-50,141525,1540453694630
-16256,4608,-4352,-9856,-496,3296,-12,147,-31,141545,1540453694683
-15936,4416,-4480,-9952,-496,3344,-32,176,-15,141585,1540453694685
-16256,4480,-4352,-9888,-464,3376,-48,147,-19,141605,1540453694735
-16192,4544,-4480,-9904,-480,3312,-36,167,-24,141625,1540453694737
-16192,4544,-4288,-9920,-512,3360,-65,157,-10,141705,1540453694788
-16320,4544,-4480,-9952,-448,3360,-62,146,-11,141725,1540453694790
-16064,4736,-4352,-9904,-496,3344,-26,189,-22,141745,1540453694793
-16320,4672,-4288,-9968,-480,3344,-9,285,-29,141765,1540453694895
-15936,4800,-3968,-10048,-432,3360,37,202,-38,141865,1540453694897
-16000,4544,-3904,-10048,-448,3360,17,213,-79,141885,1540453694946
-16192,4480,-3712,-10032,-432,3344,9,185,-84,141905,1540453694996
-16000,4672,-3904,-10032,-416,3392,7,165,-91,141945,1540453695049
-16128,4672,-4160,-10080,-384,3376,0,164,-71,141965,1540453695052
-16320,4608,-3904,-10112,-416,3392,-27,164,-56,141985,1540453695101
-15936,4928,-4160,-10080,-448,3424,-17,152,-39,142065,1540453695152
-16128,4800,-3968,-10080,-384,3376,-15,136,-32,142085,1540453695154
-16192,4608,-3904,-10080,-400,3424,-11,159,-44,142105,1540453695157
-15040,4096,-3456,-10032,-416,3424,-33,355,-52,142165,1540453695203
-16128,4736,-3968,-10064,-432,3360,-48,231,4,142205,1540453695205
-16384,4800,-3904,-10096,-384,3408,-51,166,20,142225,1540453695255
-16128,4800,-3968,-10096,-416,3440,-34,168,3,142245,1540453695309
-16128,4736,-3840,-10048,-352,3424,-40,180,-20,142265,1540453695312
-15936,4800,-3840,-10080,-384,3424,-26,125,-46,142305,1540453695360
-16064,4736,-3584,-10112,-384,3392,-10,119,-74,142325,1540453695363
-16128,4736,-3904,-10128,-352,3408,-13,114,-73,142345,1540453695411
-16320,4672,-4032,-10032,-288,3392,-5,156,-61,142385,1540453695413
-16384,4608,-4096,-10064,-240,3408,-30,170,-28,142425,1540453695517
-16320,4544,-3968,-10128,-336,3392,-41,153,-14,142445,1540453695520
-16256,4544,-4032,-10112,-384,3376,-46,146,-12,142465,1540453695523
-16256,4736,-3968,-10096,-400,3408,-27,162,-10,142505,1540453695527
-16320,4672,-3712,-10128,-400,3376,-31,175,-22,142525,1540453695569
-16256,4544,-3712,-10112,-384,3360,-34,157,-22,142565,1540453695619
-15936,4544,-3840,-10112,-432,3408,-30,137,-12,142585,1540453695622
-16128,4480,-3840,-10160,-368,3376,-54,125,-28,142605,1540453695726
-16320,4800,-3904,-10096,-400,3392,-57,120,-22,142665,1540453695776
-16192,4736,-4032,-10064,-400,3376,-46,121,-11,142685,1540453695779
-16256,4736,-4032,-10144,-416,3392,-52,113,-8,142705,1540453695827
-16256,4544,-3776,-10128,-432,3424,-64,119,4,142745,1540453695830
-16256,4672,-3904,-10032,-416,3376,-78,124,-11,142805,1540453695877
-16384,4672,-3840,-10080,-432,3360,-84,149,-12,142845,1540453695879
-16064,4800,-3904,-10112,-464,3392,-81,139,-17,142885,1540453695927
-16064,4864,-4032,-10144,-480,3360,-51,141,-49,142925,1540453695979
-16192,4800,-3840,-10096,-464,3392,-39,147,-29,142945,1540453695981
-16256,4672,-3840,-10064,-496,3408,-49,137,-35,142965,1540453696030
-16320,4672,-3968,-10112,-480,3392,-47,145,-32,142985,1540453696033
-16192,4544,-3968,-10128,-480,3360,-49,125,-22,143005,1540453696080
-16256,4800,-4032,-10064,-464,3376,-57,132,-18,143025,1540453696130
-16128,4736,-3968,-10096,-480,3392,-70,126,-19,143065,1540453696133
-16256,4736,-3904,-10096,-448,3424,-47,120,-29,143105,1540453696181
-16192,4736,-3904,-10080,-464,3408,-35,113,-40,143145,1540453696183
-16192,4800,-4096,-10064,-384,3408,-32,141,-52,143165,1540453696232
-16192,4800,-4032,-10112,-464,3408,-13,127,-34,143185,1540453696235
-16192,4736,-4032,-10064,-480,3360,-16,128,-37,143205,1540453696238
-16256,4672,-3904,-10080,-352,3392,-23,140,-36,143245,1540453696339
-16320,4672,-4032,-10048,-384,3392,-34,128,-22,143285,1540453696342
-16192,4608,-3968,-10064,-496,3344,-20,134,-20,143305,1540453696346
-16192,4544,-4096,-10080,-336,3408,-31,125,-40,143325,1540453696391
-16064,4608,-4032,-10080,-432,3344,-24,156,-42,143345,1540453696394
-16256,4608,-4160,-10080,-384,3472,-28,130,-36,143365,1540453696442
-16064,4800,-4096,-10048,-480,3408,-26,141,-28,143405,1540453696445
-16256,4544,-3968,-10096,-512,3376,-36,140,-37,143425,1540453696550
-16192,4608,-4224,-10048,-512,3360,-15,145,-50,143545,1540453696553
-16320,4544,-4096,-10064,-464,3424,-19,130,-41,143565,1540453696599
-16320,4608,-4160,-10144,-496,3424,-23,148,-38,143605,1540453696654
-16192,4480,-4096,-10032,-448,3408,-45,157,-30,143645,1540453696656
-16128,4480,-4032,-10080,-480,3392,-25,139,-22,143665,1540453696709
-16192,4480,-3968,-10096,-480,3408,-43,148,-10,143685,1540453696713
-16256,4672,-4032,-10112,-480,3408,-37,133,-24,143725,1540453696717
-16128,4480,-3840,-10064,-432,3392,-32,137,-25,143745,1540453696760
-16064,4480,-3840,-10080,-480,3408,-33,123,-30,143765,1540453696763
-16128,4544,-3968,-10048,-480,3408,-42,122,-29,143785,1540453696812
-16192,4608,-4160,-10064,-464,3360,-31,141,-37,143845,1540453696815
-16256,4672,-4224,-10016,-496,3424,-17,148,-40,143865,1540453696864
-16192,4480,-4032,-10080,-496,3376,-21,150,-38,143905,1540453696866
-16256,4480,-3968,-10096,-464,3392,-20,146,-32,143925,1540453696870
-16320,4480,-3968,-10064,-496,3424,-33,131,-40,143945,1540453696914
-16256,4416,-4032,-10048,-480,3392,-45,139,-20,143965,1540453696917
-16256,4608,-3904,-10064,-496,3408,-38,146,-23,144005,1540453696963
-16256,4544,-4096,-10048,-416,3392,-33,137,-29,144025,1540453697014
-16192,4544,-4160,-10112,-480,3376,-41,133,-18,144045,1540453697065
-16384,4608,-4032,-10048,-368,3360,-35,137,-37,144105,1540453697069
-16320,4608,-3904,-10048,-480,3408,-24,139,-29,144125,1540453697116
-16256,4480,-4032,-10064,-416,3408,-32,146,-38,144145,1540453697119
-16320,4544,-4032,-10016,-384,3360,-34,139,-33,144185,1540453697166
-16192,4416,-4160,-10064,-448,3392,-43,145,-21,144205,1540453697218
-16192,4544,-4224,-10112,-368,3392,-38,143,-23,144225,1540453697268
-16064,4608,-3968,-10080,-464,3376,-31,140,-19,144245,1540453697272
-16256,4672,-4032,-10032,-384,3408,-27,145,-25,144265,1540453697275
-16256,4416,-4032,-10048,-480,3376,-17,145,-32,144365,1540453697319
-16192,4608,-4032,-10080,-480,3424,-32,130,-28,144385,1540453697375
-16192,4480,-4032,-10080,-496,3360,-21,121,-35,144405,1540453697426
-16320,4544,-3968,-10064,-400,3392,-30,145,-19,144445,1540453697429
-16256,4544,-4096,-10112,-480,3424,-25,136,-36,144465,1540453697529
-16256,4608,-3968,-10016,-432,3408,-24,131,-27,144485,1540453697531
-16256,4672,-4096,-10032,-464,3392,-26,150,-34,144505,1540453697535
-16320,4608,-3968,-10080,-448,3424,-21,148,-34,144545,1540453697630
-16384,4480,-3904,-10048,-432,3392,-23,144,-29,144565,1540453697632
-16128,4416,-3904,-10096,-448,3440,-35,148,-31,144585,1540453697637
-16256,4480,-4032,-10048,-448,3376,-32,139,-34,144605,1540453697680
-16128,4672,-3904,-10048,-448,3424,-40,144,-32,144625,1540453697731
-16256,4544,-4032,-10064,-464,3360,-29,147,-31,144645,1540453697733
-16064,4544,-4096,-10064,-432,3408,-43,127,-24,144665,1540453697782
-16320,4480,-3968,-10080,-464,3360,-32,134,-26,144685,1540453697891
-16192,4480,-4160,-10096,-496,3424,-29,130,-33,144725,1540453697894
-16064,4416,-4032,-10112,-416,3392,-14,114,-42,144745,1540453697898
-16512,4544,-4096,-10080,-448,3376,60,130,-85,144805,1540453697998
-16384,4096,-4032,-10080,-432,3408,42,134,-75,144825,1540453698001
-16064,4032,-3776,-10096,-368,3408,-7,104,-51,144845,1540453698006
-16128,4096,-3968,-10048,-400,3392,-19,107,-37,144865,1540453698102
-16128,4544,-4160,-10048,-496,3440,-22,109,-30,144925,1540453698105
-16384,4544,-4224,-10064,-416,3392,-28,106,-20,144945,1540453698109
-16000,4416,-3968,-10016,-432,3376,-33,81,-43,144985,1540453698152
-16320,4160,-3968,-10016,-432,3376,-57,85,-17,145025,1540453698206
-16128,4160,-4096,-9984,-272,3440,-69,84,10,145045,1540453698209
-16192,4288,-4288,-10016,-384,3360,-86,81,36,145085,1540453698261
-16000,4416,-4224,-10000,-416,3376,-67,78,17,145105,1540453698264
-16320,4480,-4480,-10000,-480,3360,-52,97,-8,145165,1540453698270
-16320,4480,-4608,-10016,-448,3408,-62,82,14,145185,1540453698310
-16128,4416,-4608,-9936,-480,3408,-69,108,17,145205,1540453698314
-16256,4544,-4480,-9888,-448,3376,-55,124,-76,145225,1540453698362
-16256,4416,-4608,-9968,-496,3424,-30,167,-27,145305,1540453698365
-16384,4480,-4224,-9984,-480,3408,-29,168,-17,145325,1540453698413
-16192,4608,-4160,-10016,-416,3360,-46,115,16,145385,1540453698416
-16000,4608,-4224,-10000,-480,3408,-40,94,4,145405,1540453698421
-16128,4736,-4352,-9952,-464,3424,-34,96,-9,145445,1540453698463
-16320,4608,-4608,-9984,-448,3376,-41,136,-6,145465,1540453698465
-16128,4672,-4800,-9952,-480,3376,-43,157,18,145505,1540453698514
-16320,4672,-4736,-9936,-432,3360,-48,155,58,145525,1540453698516
-16192,4608,-4288,-9968,-480,3392,-52,175,46,145565,1540453698564
-16064,4544,-4160,-9968,-432,3392,-52,156,3,145645,1540453698567
-15744,4800,-4480,-10016,-448,3408,-42,167,-5,145665,1540453698614
-16064,4608,-4416,-9968,-464,3376,-33,179,4,145685,1540453698617
-16064,5056,-4416,-9952,-464,3392,-28,159,-44,145725,1540453698621
-16192,4928,-4352,-10000,-464,3392,-21,195,-42,145745,1540453698667
-16128,4928,-4288,-9936,-448,3376,-28,137,-37,145765,1540453698670
-16256,4864,-4288,-9952,-352,3392,-8,167,4,145825,1540453698717
-16256,4800,-4160,-9984,-432,3392,-39,127,-8,145885,1540453698719
-16000,4864,-4224,-9984,-352,3376,-38,153,-31,145905,1540453698775
-16128,4864,-4480,-10000,-464,3408,-23,151,-21,145925,1540453698780
-16192,4736,-4480,-10000,-320,3360,-38,186,-7,145985,1540453698826
-16064,4928,-4224,-9984,-464,3344,-25,182,9,146005,1540453698829
-16128,4800,-4288,-10048,-256,3376,-33,173,-5,146025,1540453698878
-16192,4672,-4352,-9952,-400,3360,-42,181,-12,146045,1540453698881
-16320,4672,-4160,-9952,-336,3408,-44,194,-5,146065,1540453698929
-16320,4736,-4096,-10000,-400,3376,-77,214,-24,146085,1540453698931
-16384,4416,-4096,-9984,-496,3376,-168,208,23,146105,1540453698936
-16896,3712,-4800,-10016,-464,3392,-350,249,282,146125,1540453699033
-16640,4928,-4864,-10032,-560,3344,-490,298,434,146165,1540453699036
-15168,7040,-5824,-10064,-688,3376,-253,354,350,146185,1540453699085
-16192,6656,-5056,-10048,-656,3360,-149,277,328,146205,1540453699088
-15872,5568,-4544,-10080,-704,3376,-77,299,207,146225,1540453699092
-15552,5248,-3776,-10080,-704,3344,-86,256,24,146245,1540453699137
-15488,5824,-3008,-10080,-736,3360,-10,312,-45,146265,1540453699139
-15360,5824,-3008,-10080,-752,3376,53,323,-61,146285,1540453699188
-14144,5888,-2368,-10128,-736,3360,92,270,-83,146305,1540453699191
-14400,5248,-3008,-10176,-688,3344,-6,65,-100,146345,1540453699242
-15872,5824,-3264,-10160,-656,3280,-60,71,-89,146365,1540453699246
-16704,6272,-3904,-10160,-672,3344,-75,128,-85,146385,1540453699251
-16576,6464,-4032,-10144,-688,3312,-51,133,-77,146405,1540453699294
-16320,6272,-4928,-10176,-720,3328,4,159,-55,146425,1540453699297
-15744,5760,-4864,-10112,-672,3328,46,174,-78,146445,1540453699343
-16384,5184,-4480,-10144,-704,3360,62,188,-63,146465,1540453699394
-16576,4736,-3776,-10176,-656,3328,42,204,-33,146485,1540453699445
-16128,4608,-3392,-10224,-624,3344,-15,163,-14,146525,1540453699556
-15680,4928,-3136,-10176,-672,3296,-63,139,-12,146545,1540453699559
-15808,5696,-3328,-10208,-640,3344,-97,111,-5,146585,1540453699563
-15552,5504,-3648,-10208,-672,3344,-110,135,-35,146605,1540453699661
-15808,6016,-3904,-10160,-624,3344,-96,100,-22,146625,1540453699664
-16064,6080,-3968,-10208,-704,3376,-82,108,-27,146645,1540453699668
-16128,5824,-4224,-10192,-752,3360,-35,152,-24,146665,1540453699672
-16000,5568,-4032,-10208,-672,3360,2,158,-57,146705,1540453699713
-16128,5440,-4096,-10192,-608,3344,8,172,-36,146725,1540453699766
-16128,5120,-3776,-10128,-704,3376,6,152,-34,146745,1540453699768
-16192,5248,-3584,-10128,-592,3376,4,164,-34,146765,1540453699772
-15680,5312,-3520,-10192,-688,3408,-8,105,-95,146825,1540453699816
-15808,5248,-3456,-10192,-480,3376,-31,91,-111,146845,1540453699868
-15872,5248,-3840,-10096,-528,3360,-39,69,-171,146885,1540453699870
-16128,5312,-3904,-10096,-624,3408,-29,83,-182,146905,1540453699919
-16064,5376,-3904,-10096,-464,3344,5,90,-193,146925,1540453700021
-16256,5312,-3904,-10144,-640,3376,-8,105,-183,146945,1540453700024
-16320,5056,-3904,-10192,-608,3360,2,125,-160,146965,1540453700077
-16256,5248,-4160,-10176,-672,3344,12,124,-143,146985,1540453700080
-16192,5184,-3840,-10176,-640,3392,21,139,-150,147005,1540453700086
-16192,5184,-3904,-10144,-608,3360,21,130,-151,147025,1540453700128
-16000,4928,-3904,-10144,-576,3344,-24,123,-119,147065,1540453700178
-16256,4928,-3456,-10192,-624,3392,-19,148,-130,147085,1540453700181
-16448,4864,-3392,-10112,-608,3360,4,170,-161,147105,1540453700229
-16192,4800,-3392,-10160,-624,3392,1,182,-179,147125,1540453700231
-16320,4480,-3904,-10192,-624,3376,-10,170,-125,147165,1540453700283
-16576,4288,-4032,-10160,-592,3328,-44,183,-107,147205,1540453700285
-16448,4352,-3584,-10224,-608,3344,-67,119,-98,147305,1540453700390
-16320,4096,-3456,-10224,-624,3376,-75,140,-88,147325,1540453700394
-15872,4096,-2944,-10176,-624,3328,-163,63,-132,147345,1540453700398
-16448,4160,-3456,-10240,-688,3376,-138,120,-31,147385,1540453700401
-16320,4160,-3776,-10208,-672,3376,-143,144,-25,147425,1540453700443
-16256,4224,-3840,-10208,-704,3376,-133,145,-19,147445,1540453700446
-16320,4480,-3904,-10192,-720,3360,-122,150,-21,147465,1540453700495
-16448,4608,-3904,-10224,-720,3360,-82,166,-32,147485,1540453700498
-16320,4480,-3776,-10224,-720,3376,-57,175,-62,147525,1540453700544
-16320,4352,-3968,-10256,-704,3360,-32,159,-56,147545,1540453700596
-16384,4352,-3968,-10208,-688,3408,-43,152,-68,147565,1540453700599
-16448,4096,-3840,-10240,-720,3456,-48,143,-59,147605,1540453700602
-16256,3968,-3776,-10256,-704,3392,-69,130,-47,147645,1540453700647
-16320,4032,-3968,-10192,-624,3424,-60,112,-34,147665,1540453700698
-16256,4224,-3776,-10240,-800,3376,-39,111,-46,147705,1540453700748
-16384,4288,-3840,-10112,-592,3392,-4,99,-49,147785,1540453700799
-16320,4224,-4032,-10240,-752,3408,-19,115,-49,147805,1540453700801
-16384,4032,-3840,-10176,-768,3376,-22,128,-18,147845,1540453700853
-16576,4032,-3968,-10240,-720,3392,-24,126,-29,147865,1540453700855
-16320,4096,-3904,-10208,-768,3376,-17,119,-40,147885,1540453700908
-16256,4352,-3968,-10128,-720,3392,-18,123,-42,147905,1540453700913
-16256,4224,-4096,-10192,-720,3360,-9,121,-48,147965,1540453700917
-16448,4160,-3840,-10176,-688,3408,7,113,-36,147985,1540453700961
-16384,3968,-3968,-10192,-752,3392,-6,140,-51,148005,1540453700964
-16256,3968,-3904,-10256,-736,3360,-21,146,-23,148025,1540453701061
-16448,4096,-3840,-10208,-736,3392,-24,152,-26,148045,1540453701064
-16384,4096,-4160,-10240,-736,3344,-21,147,-34,148065,1540453701113
-16256,4160,-3968,-10192,-720,3376,-14,160,-19,148145,1540453701116
-16384,4160,-3776,-10224,-736,3360,-22,140,-27,148165,1540453701221
-16256,4032,-3840,-10208,-720,3424,-23,142,-25,148185,1540453701224
-16192,4032,-4032,-10240,-704,3360,-34,142,-31,148205,1540453701272
-16320,3968,-3712,-10192,-704,3376,-18,127,-55,148225,1540453701275
-16256,4352,-3840,-10192,-704,3328,7,150,-114,148245,1540453701280
-16448,4544,-3968,-10240,-672,3424,66,121,-209,148265,1540453701326
-16256,4416,-3968,-10240,-688,3360,91,162,-236,148285,1540453701330
-16640,3968,-3776,-10224,-656,3408,120,159,-227,148325,1540453701379
-16448,3328,-3840,-10240,-672,3424,22,150,-114,148365,1540453701432
-16512,3072,-3840,-10240,-656,3392,-5,137,-40,148385,1540453701434
-16512,3200,-3712,-10208,-656,3376,-52,128,-7,148405,1540453701438
-16512,3456,-3776,-10176,-624,3392,-64,156,12,148425,1540453701537
-16448,3904,-3968,-10192,-608,3376,-37,143,-32,148505,1540453701540
-16320,3968,-3840,-10256,-656,3392,-20,148,-39,148545,1540453701587
-16256,3776,-3776,-10208,-512,3376,-3,140,-37,148565,1540453701693
-16512,3840,-3904,-10192,-496,3360,15,142,-146,148605,1540453701696
-16128,4032,-3776,-10208,-656,3392,50,162,-195,148625,1540453701742
-16512,4096,-4032,-10208,-496,3376,79,194,-250,148645,1540453701794
-16640,3840,-3968,-10224,-544,3408,98,180,-185,148685,1540453701797
-16384,3392,-3712,-10224,-576,3408,52,169,-153,148705,1540453701803
-16576,3136,-3648,-10240,-352,3360,27,157,-90,148725,1540453701845
-16512,3008,-3520,-10256,-512,3408,-28,138,-22,148745,1540453701848
-16704,2816,-3776,-10256,-448,3408,-58,137,24,148765,1540453701897
-16640,3136,-3648,-10304,-544,3392,-88,146,32,148805,1540453701899
-16448,3840,-3712,-10272,-560,3408,-41,133,-23,148865,1540453702005
-16576,3648,-3840,-10272,-448,3360,-29,150,-14,148885,1540453702009
-16512,3520,-3648,-10288,-576,3376,-42,150,-17,148905,1540453702054
-16448,3520,-3712,-10240,-576,3408,-48,154,-16,148965,1540453702056
-16384,3520,-3584,-10240,-560,3392,-32,142,-16,149005,1540453702106
-16512,3520,-3712,-10336,-624,3392,-34,149,-4,149045,1540453702108
-16384,3584,-3648,-10240,-544,3424,-47,142,-18,149065,1540453702113
-16384,3456,-3648,-10256,-528,3392,-33,140,-11,149085,1540453702159
-16448,3648,-3648,-10272,-512,3408,-31,143,-16,149105,1540453702162
-16576,3584,-3840,-10272,-592,3456,-23,151,-21,149125,1540453702214
-16576,3520,-3840,-10272,-576,3376,-26,152,-15,149145,1540453702217
-16576,3584,-3776,-10208,-592,3376,-29,167,-18,149185,1540453702221
-16448,3456,-3776,-10288,-592,3408,-46,164,6,149225,1540453702268
-16320,3520,-3648,-10272,-560,3408,-66,164,-10,149245,1540453702271
-16512,3584,-3712,-10288,-608,3408,-56,155,7,149265,1540453702320
-16640,3776,-3712,-10304,-544,3392,-46,152,-36,149325,1540453702371
-16448,3776,-3712,-10320,-592,3376,-54,155,-30,149365,1540453702373
-16576,3584,-3712,-10352,-608,3392,-64,163,-29,149405,1540453702421
-16576,3648,-3648,-10320,-576,3424,-50,138,-24,149465,1540453702525
-16512,3776,-3648,-10368,-480,3408,-48,142,-22,149505,1540453702528
-16448,3648,-3520,-10272,-448,3456,-27,153,-31,149545,1540453702532
-16448,3712,-3712,-10272,-592,3408,-34,135,-24,149585,1540453702631
-16512,3584,-3648,-10352,-592,3424,-39,143,-30,149605,1540453702634
-16832,3456,-3648,-10288,-416,3424,-45,141,-26,149625,1540453702640
-16640,3456,-3648,-10320,-608,3424,-46,148,-36,149645,1540453702645
-16512,3520,-3712,-10304,-576,3376,-55,142,-24,149665,1540453702681
-16448,3648,-3712,-10304,-560,3440,-33,135,-27,149685,1540453702731
-16448,3584,-3648,-10304,-576,3376,-26,140,-42,149725,1540453702735
-16448,3584,-3712,-10336,-576,3408,-46,140,-22,149805,1540453702738
-16512,3648,-3712,-10320,-576,3424,-28,138,-20,149825,1540453702782
-16576,3712,-3520,-10304,-576,3392,-23,148,-28,149845,1540453702889
-16512,3648,-3456,-10336,-608,3408,-39,146,-28,149865,1540453702892
-16448,3520,-3648,-10304,-560,3392,-33,150,-28,149885,1540453702896
-16448,3584,-3520,-10320,-576,3456,-38,138,-23,149905,1540453702942
-16576,3584,-3584,-10320,-576,3424,-39,160,-31,149945,1540453702947
-16512,3648,-3648,-10320,-576,3376,-46,146,-3,149965,1540453702994
-16576,3520,-3776,-10304,-640,3392,-43,151,-14,149985,1540453702997
-16576,3712,-3712,-10320,-624,3424,-48,141,-40,150005,1540453703046
-16512,3712,-3648,-10336,-544,3424,-27,155,-30,150025,1540453703096
-16448,3584,-3648,-10304,-608,3392,-23,149,-44,150045,1540453703098
-16512,3456,-3392,-10352,-576,3392,-38,135,-34,150065,1540453703148
-16576,3392,-3648,-10336,-560,3424,-23,135,-27,150085,1540453703198
-16448,3648,-3584,-10320,-560,3456,-27,132,-31,150145,1540453703248
-16512,3648,-3584,-10320,-576,3408,-21,145,-43,150165,1540453703299
-16512,3392,-3584,-10304,-576,3392,-27,128,-29,150205,1540453703301
-16512,3584,-3456,-10272,-592,3424,-51,141,-25,150265,1540453703350
-16576,3456,-3648,-10288,-528,3392,-40,133,-32,150305,1540453703353
-16448,3648,-3520,-10256,-608,3440,-33,137,-29,150325,1540453703401
-16448,3584,-3648,-10288,-624,3424,-38,132,-27,150345,1540453703403
-16448,3520,-3456,-10272,-592,3392,-23,133,-32,150385,1540453703452
-16512,3648,-3648,-10304,-448,3392,-22,132,-52,150405,1540453703455
-16448,3648,-3648,-10320,-640,3440,-26,141,-29,150425,1540453703459
-16512,3520,-3520,-10304,-496,3408,-22,122,-42,150445,1540453703505
-16512,3520,-3712,-10256,-640,3424,-26,165,-23,150505,1540453703508
-16512,3264,-3648,-10240,-448,3408,-50,133,-18,150525,1540453703561
-16448,3392,-3712,-10336,-576,3392,-50,134,-17,150545,1540453703613
-16448,3456,-3648,-10304,-544,3376,-48,152,-18,150565,1540453703615
-16512,3520,-3776,-10320,-496,3456,-58,135,-16,150625,1540453703720
-16384,3648,-3648,-10256,-448,3424,-54,145,-10,150685,1540453703723
-16512,3648,-3648,-10288,-640,3392,-44,134,-32,150705,1540453703727
-16512,3392,-3776,-10320,-592,3424,-24,148,-16,150725,1540453703771
-16512,3648,-3648,-10320,-592,3376,-47,140,-18,150745,1540453703774
-16512,3584,-3776,-10336,-608,3392,-35,143,-9,150765,1540453703825
-16512,3648,-3776,-10240,-608,3424,-43,143,-7,150785,1540453703830
-16512,3712,-3776,-10336,-608,3424,-30,148,-27,150805,1540453703876
-16448,3584,-3520,-10288,-592,3392,-30,131,-32,150865,1540453703880
-16512,3456,-3584,-10272,-608,3424,-24,128,-33,150885,1540453703927
-16448,3648,-3456,-10288,-544,3408,-17,136,-25,150925,1540453703931
-16576,3648,-3712,-10272,-576,3392,-20,128,-29,150985,1540453703937
-16448,3584,-3776,-10288,-592,3424,-20,124,-32,151045,1540453703979
-16448,3648,-3712,-10256,-608,3376,-13,134,-45,151065,1540453704086
-16512,3840,-3776,-10272,-592,3424,-5,138,-44,151105,1540453704089
-16512,3712,-3840,-10288,-592,3424,-1,134,-46,151125,1540453704137
-16512,3648,-3776,-10288,-560,3408,17,145,-36,151145,1540453704139
-16384,3584,-3776,-10288,-624,3392,-14,129,-40,151165,1540453704188
-16448,3328,-3456,-10288,-512,3424,-13,132,-22,151205,1540453704191
-16576,3456,-3648,-10272,-576,3408,-34,125,-13,151225,1540453704244
-16512,3520,-3776,-10304,-560,3440,-34,128,-25,151245,1540453704247
-16384,3520,-3776,-10272,-464,3408,-30,128,-26,151265,1540453704293
-16576,3456,-3776,-10272,-560,3376,-53,122,-17,151285,1540453704345
-16640,3456,-3840,-10224,-512,3376,-62,135,-20,151305,1540453704348
-16576,3712,-3776,-10288,-544,3456,-39,133,-22,151325,1540453704395
-16448,3456,-3968,-10256,-560,3392,-43,137,-9,151385,1540453704398
-16512,3584,-3904,-10288,-544,3408,-46,142,-9,151405,1540453704404
-16448,3776,-3584,-10272,-480,3408,-50,133,-11,151465,1540453704446
-16512,3520,-3904,-10240,-624,3392,-48,127,-2,151505,1540453704496
-16512,3648,-3776,-10304,-560,3392,-42,153,-12,151525,1540453704549
-16448,3648,-3712,-10240,-560,3440,-41,146,-7,151565,1540453704552
-16384,3520,-3776,-10208,-480,3408,-43,134,-7,151585,1540453704599
-16384,3712,-3648,-10304,-592,3424,-58,137,6,151605,1540453704656
-16448,3776,-3840,-10272,-560,3392,-56,142,10,151625,1540453704660
-16448,3712,-4032,-10256,-576,3408,-56,145,6,151645,1540453704711
-16512,3776,-3712,-10256,-576,3392,-52,149,-9,151665,1540453704761
-16448,3776,-3776,-10272,-528,3408,-48,146,-18,151685,1540453704764
-16512,3776,-3648,-10288,-560,3408,-49,140,-9,151705,1540453704769
-16512,3712,-3712,-10320,-560,3376,-45,138,-16,151745,1540453704812
-16448,3648,-3904,-10288,-592,3344,-55,150,-9,151765,1540453704815
-16512,3840,-3840,-10272,-560,3376,-33,152,-10,151825,1540453704864
-16384,3584,-4032,-10272,-560,3408,-59,134,-8,151865,1540453704866
-16512,3904,-3968,-10224,-592,3360,-57,117,2,151885,1540453704914
-16448,4608,-4096,-10256,-544,3392,109,80,22,151945,1540453704917
-16640,5120,-4800,-10240,-560,3392,165,24,122,151965,1540453704964
-16448,5312,-4544,-10208,-528,3408,265,74,146,151985,1540453705015
-16704,4992,-4416,-10176,-480,3376,375,79,154,152005,1540453705018
-18368,5760,-4416,-10176,-288,3392,334,410,719,152045,1540453705069
-18496,5376,-4032,-10208,-304,3392,239,451,723,152065,1540453705073
-13888,5056,-3264,-10304,-96,3424,354,392,-192,152125,1540453705122
-14080,2944,-1344,-10336,0,3472,-59,99,196,152145,1540453705124
-15808,2176,-256,-10272,-80,3424,-331,12,295,152165,1540453705129
-15488,1984,-896,-10288,-96,3408,-453,63,125,152185,1540453705175
-15296,1920,-1984,-10176,-32,3424,-437,-4,-89,152205,1540453705179
-16320,3520,-3008,-10224,-240,3408,-318,44,-205,152225,1540453705225
-17088,3904,-3520,-10176,-144,3408,-221,148,-201,152245,1540453705229
-16128,5568,-3648,-10224,-464,3344,-557,68,64,152325,1540453705275
-15104,6144,-4032,-10272,-512,3424,-435,106,-31,152345,1540453705280
-16384,6144,-4288,-10272,-656,3392,-163,248,-62,152385,1540453705284
-15104,3904,-1536,-10304,-720,3376,-634,-244,220,152425,1540453705326
-17152,6272,-4736,-10176,-848,3376,-597,-67,-227,152465,1540453705329
-17920,5056,-6656,-10128,-976,3328,332,260,-407,152505,1540453705377
-15168,2240,-3392,-10176,-960,3344,123,203,-386,152525,1540453705432
-16128,640,-1792,-10208,-928,3344,-168,45,-71,152545,1540453705481
-16640,1984,-1152,-10208,-976,3360,-425,-105,68,152565,1540453705484
-17600,3584,-3520,-10144,-992,3312,-479,-90,200,152585,1540453705487
-16384,5312,-4672,-10160,-1088,3376,-381,50,29,152605,1540453705534
-16000,5440,-5504,-10064,-1168,3328,31,154,-217,152645,1540453705587
-16704,3776,-4416,-10096,-1168,3312,36,183,-162,152665,1540453705589
-16832,2944,-3008,-10080,-1152,3344,-18,213,-81,152685,1540453705640
-16896,2432,-2304,-10112,-1168,3328,-116,162,55,152705,1540453705643
-16832,1984,-3200,-10128,-1184,3344,-319,38,172,152725,1540453705693
-15552,5376,-4736,-10144,-1248,3328,71,151,-162,152785,1540453705696
-16512,4096,-4096,-10144,-1216,3328,58,238,-258,152825,1540453705746
-16768,4352,-4864,-10144,-1168,3392,94,309,-305,152845,1540453705749
-15936,4416,-5376,-10144,-1200,3376,183,286,-367,152865,1540453705753
-15360,4992,-5376,-10176,-1136,3376,272,299,-416,152885,1540453705796
-16000,4480,-4800,-10256,-1120,3344,253,299,-343,152905,1540453705800
-17152,3584,-4224,-10224,-1088,3376,234,266,-275,152925,1540453705847
-16512,4032,-4224,-10272,-976,3344,239,250,-343,152945,1540453705849
-15552,3968,-4032,-10304,-1024,3392,294,285,-322,152965,1540453705898
-16448,3200,-3456,-10304,-992,3360,245,139,-179,153005,1540453705901
-16256,2816,-3392,-10336,-912,3376,201,68,-190,153025,1540453705950
-16448,2688,-3456,-10336,-896,3376,186,84,-247,153045,1540453705953
-17024,2304,-3200,-10320,-768,3376,181,122,-266,153065,1540453705956
-17088,2368,-3264,-10320,-864,3344,77,89,-180,153085,1540453706003
-16640,2368,-3840,-10256,-704,3328,36,82,-171,153105,1540453706006
-16192,2112,-4544,-10272,-816,3424,-29,97,-143,153125,1540453706055
-16384,2176,-3648,-10256,-672,3328,-123,27,-111,153145,1540453706058
-16448,3264,-3904,-10176,-880,3360,-144,69,-91,153225,1540453706109
-16512,3392,-4032,-10240,-832,3408,-98,40,-111,153245,1540453706113
-16576,3200,-4288,-10160,-672,3344,-34,74,-127,153265,1540453706159
-16256,2880,-3968,-10224,-848,3360,6,88,-178,153285,1540453706162
-16448,2688,-3840,-10224,-912,3376,-2,20,-71,153325,1540453706210
-16576,2048,-4224,-10160,-832,3376,-77,43,-51,153365,1540453706213
-17088,1920,-3968,-10080,-864,3440,-148,36,38,153385,1540453706260
-17152,2496,-4608,-10112,-816,3376,-202,40,135,153405,1540453706263
-16512,3648,-4928,-10160,-880,3424,-22,111,37,153445,1540453706312
-16448,3392,-4736,-10080,-912,3392,74,132,13,153465,1540453706314
-16064,3264,-4160,-10128,-848,3408,74,138,-2,153485,1540453706318
-16192,2880,-4160,-10096,-896,3360,72,109,-55,153505,1540453706362
-16704,2816,-4288,-10112,-864,3408,85,106,-52,153545,1540453706364
-16512,2496,-4352,-10080,-816,3392,77,118,-28,153565,1540453706412
-16832,2240,-4224,-10128,-832,3376,34,109,-28,153585,1540453706415
-16704,2304,-4544,-10080,-816,3376,-23,104,-1,153605,1540453706518
-16896,2496,-4864,-10080,-752,3360,-52,129,50,153625,1540453706521
-16640,2944,-5184,-10064,-800,3360,-32,154,32,153645,1540453706524
-16832,3008,-5312,-10080,-816,3296,-2,190,17,153665,1540453706568
-17152,2816,-5184,-10064,-784,3344,21,205,25,153685,1540453706570
-17024,2432,-4608,-10112,-816,3312,-56,213,62,153725,1540453706618
-16896,2432,-4160,-10064,-768,3312,-93,228,60,153745,1540453706671
-16704,2624,-4160,-10128,-784,3344,-94,271,66,153765,1540453706674
-16448,2688,-3776,-10112,-848,3328,-113,254,27,153785,1540453706678
-16064,3072,-3840,-10096,-784,3344,-101,220,-26,153805,1540453706725
-15936,3072,-3648,-10160,-832,3328,-106,201,-75,153825,1540453706728
-16000,3200,-3584,-10160,-832,3296,-83,203,-85,153845,1540453706777
-16320,3200,-3776,-10176,-848,3328,-89,211,-74,153865,1540453706780
-16320,2880,-4480,-10176,-832,3312,-52,138,-46,153925,1540453706829
-16320,3008,-4544,-10192,-832,3360,-29,133,-72,153945,1540453706832
-16512,3008,-4288,-10192,-896,3360,-31,119,-66,153965,1540453706836
-16832,2752,-4160,-10160,-880,3344,-16,138,-119,153985,1540453706879
-16384,2688,-4032,-10160,-752,3376,-53,109,-111,154005,1540453706882
-16384,2752,-3968,-10288,-864,3328,-37,98,-126,154025,1540453706930
-16384,2816,-4480,-10096,-864,3376,-44,142,-142,154045,1540453706933
-16576,2560,-3904,-10176,-800,3376,-48,153,-112,154085,1540453706981
-16576,2624,-3968,-10208,-896,3376,-55,130,-70,154105,1540453706983
-16768,2560,-4160,-10176,-848,3328,-44,147,-43,154125,1540453707033
-16576,2624,-4416,-10176,-848,3360,-46,132,-2,154145,1540453707036
-16704,2432,-4352,-10160,-688,3328,-24,125,-46,154165,1540453707040
-16704,2496,-4544,-10208,-896,3392,-16,122,-19,154185,1540453707085
-16640,2560,-4288,-10112,-704,3376,-23,121,-19,154205,1540453707087
-16512,2752,-4352,-10208,-864,3392,-14,98,-40,154225,1540453707137
-16384,2432,-4032,-10160,-864,3360,62,37,-201,154305,1540453707140
-16320,2304,-4224,-10144,-752,3376,50,20,-227,154325,1540453707188
-16384,2304,-3968,-10112,-864,3328,48,10,-225,154345,1540453707191
-16320,2368,-4160,-10144,-864,3360,77,14,-243,154365,1540453707194
-16640,2176,-4352,-10048,-832,3312,90,22,-212,154385,1540453707241
-17024,1920,-4480,-10064,-752,3328,76,124,-74,154445,1540453707245
-16832,1728,-4352,-10032,-768,3312,33,145,0,154465,1540453707296
-16832,1728,-4288,-10032,-768,3296,-12,129,46,154485,1540453707298
-16640,1600,-4480,-10016,-736,3296,-20,156,47,154505,1540453707348
-16384,1856,-4416,-10048,-736,3328,-60,163,74,154525,1540453707351
-16768,1984,-4224,-10000,-736,3344,-86,153,96,154545,1540453707355
-16512,2112,-4224,-10032,-704,3328,-87,197,96,154565,1540453707401
-16704,2176,-4096,-10048,-720,3360,-95,169,89,154585,1540453707403
-16576,2112,-3904,-10080,-720,3344,-105,180,99,154625,1540453707452
-16640,1920,-4096,-10048,-768,3360,-123,160,106,154645,1540453707454
-16512,2112,-4352,-10048,-816,3328,-124,165,112,154665,1540453707504
-16576,2304,-4160,-10096,-768,3344,-117,127,83,154685,1540453707506
-16576,2560,-4224,-10096,-784,3296,-106,150,72,154705,1540453707509
-16512,2560,-3968,-10080,-832,3360,-83,127,40,154725,1540453707554
-16448,2432,-4224,-10064,-816,3360,-22,169,-23,154745,1540453707608
-16512,2432,-4160,-10112,-848,3392,-5,170,-64,154765,1540453707610
-16704,1728,-4608,-10064,-816,3392,-144,155,37,154805,1540453707660
-17088,1920,-4736,-10096,-816,3360,-199,130,104,154825,1540453707711
-16896,2752,-5056,-10096,-848,3392,-209,126,171,154845,1540453707713
-16640,3520,-5120,-10080,-848,3392,-177,97,187,154865,1540453707761
-16192,4032,-4992,-10080,-880,3376,-87,110,131,154885,1540453707763
-15744,4288,-4736,-10048,-784,3360,55,117,-1,154905,1540453707812
-15552,4032,-4480,-10080,-864,3408,194,168,-199,154925,1540453707862
-15616,3136,-4224,-10096,-800,3376,219,121,-255,154945,1540453707864
-16128,1856,-4160,-10032,-688,3440,56,72,-162,154985,1540453707915
-16320,1728,-4224,-10080,-736,3408,-59,-2,-22,155005,1540453707917
-16640,1984,-4544,-10032,-768,3392,-153,-47,55,155025,1540453707921
-16576,2432,-4928,-10016,-800,3440,-151,-51,91,155045,1540453708018
-16576,3136,-5376,-9952,-656,3360,-113,16,27,155065,1540453708021
-16704,3520,-5696,-10000,-800,3424,-8,88,-11,155085,1540453708024
-17152,3200,-5376,-9936,-624,3392,59,137,-44,155105,1540453708069
-16640,2688,-5184,-9968,-784,3392,64,133,-63,155125,1540453708072
-16704,2048,-4736,-9936,-752,3360,19,174,-101,155165,1540453708118
-16768,1920,-4096,-9968,-752,3392,-25,158,-60,155185,1540453708174
-16640,1920,-4224,-9936,-768,3392,-79,149,-10,155205,1540453708227
-16192,2112,-4416,-9968,-768,3376,-101,146,-13,155225,1540453708230
-16640,2560,-4480,-9968,-800,3360,-109,154,-18,155245,1540453708234
-17152,2688,-4672,-9952,-720,3344,-76,192,-4,155265,1540453708277
-16576,2944,-4800,-9968,-752,3360,-79,204,-37,155285,1540453708328
-16384,3072,-5184,-9984,-816,3312,-31,198,-76,155305,1540453708381
-16320,2880,-4928,-9952,-832,3376,22,160,-65,155345,1540453708383
-16832,2560,-4800,-10000,-784,3328,74,212,-94,155385,1540453708387
-16576,2176,-4288,-10000,-816,3360,47,209,-109,155405,1540453708431
-16512,2176,-4160,-10016,-736,3360,24,190,-134,155425,1540453708434
-16576,2112,-4160,-10048,-704,3328,-1,245,-57,155465,1540453708482
-16128,1984,-4416,-10000,-784,3296,-88,107,40,155525,1540453708485
-16896,2368,-4672,-9984,-736,3280,-56,199,-32,155545,1540453708532
-16576,2560,-4800,-10016,-752,3296,-46,186,-4,155565,1540453708535
-16576,2752,-4736,-10016,-784,3312,-18,197,-38,155605,1540453708588
-16256,2560,-4160,-10080,-752,3328,-8,154,-44,155625,1540453708591
-16320,2432,-4416,-10032,-752,3296,-1,182,-76,155645,1540453708638
-16256,2304,-4096,-10064,-768,3312,-24,177,-64,155665,1540453708691
-16640,2176,-4544,-10096,-752,3312,-23,266,-50,155705,1540453708694
-16576,2176,-4544,-10112,-736,3280,-14,318,-39,155725,1540453708742
-16960,2496,-4160,-10192,-752,3328,-16,340,-8,155765,1540453708746
-16768,2432,-4160,-10224,-784,3360,-12,319,57,155785,1540453708752
-16448,3136,-4800,-10176,-752,3312,74,306,58,155805,1540453708795
-16896,2944,-3904,-10288,-656,3360,165,296,-49,155845,1540453708797
-16768,1792,-2816,-10320,-544,3360,82,356,-86,155885,1540453708845
-16640,2112,-3072,-10368,-576,3392,41,292,-43,155905,1540453708897
-16064,2176,-3072,-10448,-560,3424,-41,220,-25,155945,1540453708900
-16832,2176,-3136,-10448,-592,3408,-119,189,19,155985,1540453708904
-16896,2496,-3520,-10368,-432,3360,-88,216,44,156005,1540453708909
-16640,2560,-3968,-10432,-576,3360,-56,213,-2,156025,1540453708947
-16704,2432,-3008,-10496,-624,3376,-57,209,50,156085,1540453708950
-16704,2624,-3200,-10544,-608,3408,-74,206,60,156105,1540453708997
-16704,2752,-3008,-10480,-608,3408,-80,196,69,156125,1540453709049
-16576,2816,-3328,-10496,-528,3392,-59,243,71,156165,1540453709052
-16704,2688,-3200,-10496,-608,3392,-79,232,54,156185,1540453709100
-16832,2816,-3200,-10528,-608,3392,-63,243,68,156205,1540453709103
-16704,2880,-2752,-10576,-640,3376,-62,257,52,156245,1540453709108
-16576,2816,-2880,-10592,-656,3440,-86,235,42,156265,1540453709151
-16640,2624,-2880,-10640,-656,3408,-98,229,56,156285,1540453709154
-16640,2624,-2752,-10640,-640,3360,-138,184,82,156305,1540453709204
-16512,2880,-2688,-10592,-656,3408,-160,161,103,156325,1540453709207
-16512,3072,-2688,-10608,-720,3360,-177,125,106,156345,1540453709255
-16384,3072,-2688,-10608,-704,3344,-169,120,104,156365,1540453709258
-16576,3392,-2944,-10544,-768,3376,-65,125,91,156445,1540453709263
-16768,3392,-2880,-10608,-752,3424,-46,130,64,156465,1540453709309
-16512,3264,-3392,-10560,-752,3376,-34,111,44,156485,1540453709360
-16576,3264,-3200,-10560,-768,3424,-33,124,18,156505,1540453709363
-16704,3328,-3072,-10576,-688,3392,-40,118,27,156525,1540453709413
-16768,3520,-2944,-10560,-784,3360,-42,109,78,156545,1540453709415
-16576,3584,-3008,-10544,-784,3424,-41,101,23,156565,1540453709419
-16448,3584,-3264,-10576,-688,3392,-54,119,30,156605,1540453709463
-16448,3456,-2944,-10528,-784,3344,-51,119,25,156625,1540453709514
-16704,3392,-3008,-10496,-768,3392,-69,132,29,156645,1540453709564
-16704,3264,-2944,-10544,-768,3344,-79,123,22,156665,1540453709615
-16512,3392,-3136,-10544,-752,3360,-73,111,7,156685,1540453709617
-16320,3904,-3392,-10528,-768,3344,-44,109,-27,156705,1540453709666
-16320,3840,-3392,-10576,-768,3440,15,117,-68,156725,1540453709669
-16512,3776,-3136,-10512,-768,3392,22,108,-100,156745,1540453709717
-16384,4032,-3136,-10480,-688,3328,101,86,-218,156785,1540453709719
-15936,4160,-3520,-10528,-608,3392,358,188,-692,156825,1540453709770
-17088,4672,-3264,-10528,-720,3392,537,235,-727,156845,1540453709773
-17408,4288,-3520,-10448,-576,3360,628,170,-656,156865,1540453709821
-16768,3136,-3328,-10560,-544,3376,625,199,-592,156885,1540453709824
-16704,2112,-2880,-10512,-416,3328,585,179,-545,156905,1540453709828
-16512,1408,-2560,-10528,-368,3424,472,150,-478,156925,1540453709872
-17024,960,-2496,-10656,-272,3392,274,214,-293,156965,1540453709926
-17152,768,-2368,-10624,-128,3344,160,208,-191,156985,1540453709977
-17216,576,-2624,-10688,-208,3392,72,184,-69,157005,1540453709980
-17088,704,-3072,-10608,-208,3392,72,114,57,157025,1540453709984
-17600,1024,-3328,-10624,-160,3408,108,-25,219,157045,1540453710026
-17280,896,-2816,-10560,-160,3376,130,-133,310,157065,1540453710079
-17216,1280,-2624,-10512,-128,3408,120,-35,452,157085,1540453710081
-17024,2048,-2752,-10496,-64,3392,140,-292,411,157105,1540453710086
-16192,3008,-2688,-10320,0,3376,24,-83,214,157165,1540453710129
-16448,3200,-2944,-10240,64,3392,-12,-59,145,157185,1540453710131
-16320,3200,-3136,-10256,48,3360,-30,-22,88,157205,1540453710179
-16320,3200,-3328,-10224,64,3360,-68,64,49,157225,1540453710182
-16320,3200,-3648,-10160,64,3344,-107,152,48,157265,1540453710187
-16512,2880,-3520,-10192,48,3408,-121,192,42,157285,1540453710232
-16768,2752,-3584,-10224,32,3328,-188,259,80,157325,1540453710235
-16704,2880,-3520,-10240,-64,3408,-264,321,135,157365,1540453710284
-16640,3072,-3520,-10224,-128,3424,-285,308,147,157405,1540453710335
-16576,3264,-3392,-10336,-144,3392,-252,334,25,157425,1540453710338
-16448,3264,-3264,-10336,-128,3408,-192,469,-142,157445,1540453710342
-16768,3712,-3648,-10352,-192,3392,-101,612,-339,157465,1540453710441
-16448,3136,-2688,-10512,-176,3360,-1,159,-99,157525,1540453710492
-16896,3136,-3008,-10592,-240,3440,45,22,-41,157545,1540453710496
-16832,3008,-3136,-10528,-192,3392,29,-58,7,157565,1540453710597
-16512,2880,-2880,-10528,-192,3424,18,4,6,157585,1540453710600
-16320,2752,-2944,-10464,-144,3408,-36,-10,2,157605,1540453710603
-16512,2688,-2688,-10480,-224,3408,-93,41,39,157625,1540453710647
-16448,2752,-2944,-10432,-144,3376,-106,64,52,157645,1540453710698
-16768,3008,-3072,-10400,-128,3408,-124,52,75,157685,1540453710700
-16512,3136,-3136,-10368,-112,3360,-101,113,50,157725,1540453710704
-16576,3136,-2944,-10384,-96,3408,-104,140,48,157765,1540453710749
-16512,3264,-3136,-10384,-208,3408,-107,136,32,157785,1540453710799
-16512,3264,-3200,-10352,-240,3424,-99,155,37,157805,1540453710801
-16384,3264,-3328,-10352,-240,3408,-91,143,7,157825,1540453710850
-16448,3456,-3264,-10352,-224,3392,-84,135,-43,157865,1540453710852
-16576,3456,-3328,-10400,-192,3328,-66,175,-52,157885,1540453710900
-16896,3264,-3392,-10400,-304,3408,-39,196,-73,157905,1540453710904
-16704,3520,-3456,-10416,-256,3344,-5,189,-77,157925,1540453710907
-16576,3264,-3200,-10384,-320,3408,-7,177,-69,157945,1540453710951
-16576,2944,-3200,-10400,-288,3376,-17,173,-84,157965,1540453710954
-16640,3008,-3072,-10416,-272,3424,-13,177,-62,157985,1540453711059
-16768,2944,-3328,-10432,-288,3424,-30,176,-64,158005,1540453711062
-16704,2816,-3392,-10448,-304,3392,-62,175,-32,158045,1540453711065
-16640,3072,-3200,-10432,-336,3376,-83,159,-27,158065,1540453711110
-16576,3136,-3200,-10480,-288,3408,-57,175,-27,158105,1540453711163
-16704,3392,-3136,-10432,-304,3424,-54,161,-14,158125,1540453711166
-16576,3328,-3136,-10432,-288,3472,-36,166,-33,158145,1540453711215
-16640,3136,-3264,-10464,-320,3392,-48,146,-15,158165,1540453711218
-16704,2944,-3520,-10480,-304,3424,-67,154,-15,158265,1540453711266
-16576,3456,-3136,-10464,-320,3424,-48,97,-18,158285,1540453711269
-16640,3072,-3264,-10496,-320,3408,-51,130,-26,158345,1540453711318
-16640,3008,-3200,-10432,-320,3424,-50,137,-13,158365,1540453711320
-16576,3200,-3072,-10448,-336,3408,-41,141,-18,158405,1540453711368
-16512,3072,-3200,-10432,-320,3392,-35,118,-20,158425,1540453711420
-16576,3136,-3264,-10464,-320,3392,-44,126,-23,158445,1540453711422
-16640,3328,-3136,-10400,-320,3424,-36,127,-25,158485,1540453711425
-16640,3072,-3328,-10400,-336,3408,-19,128,-36,158505,1540453711475
-16640,3264,-3264,-10400,-352,3408,-18,139,-31,158525,1540453711479
-16448,3072,-3008,-10368,-240,3408,-40,122,-17,158585,1540453711527
-16704,3136,-3008,-10432,-352,3424,-28,139,-14,158605,1540453711579
-16576,3200,-3264,-10416,-240,3376,-24,156,-13,158625,1540453711581
-16576,3136,-3136,-10496,-288,3424,-27,140,-21,158645,1540453711586
-16512,3136,-3264,-10400,-224,3408,-28,146,-26,158665,1540453711631
-16576,3072,-3072,-10400,-336,3392,-28,131,-13,158685,1540453711737
-16640,3200,-3072,-10416,-352,3392,-30,137,-16,158705,1540453711741
-16576,3072,-3200,-10416,-320,3376,-41,113,-8,158725,1540453711745
-16576,3136,-3456,-10400,-336,3424,-47,119,0,158765,1540453711749
-16512,3200,-3264,-10432,-320,3360,-43,127,-16,158825,1540453711751
-16512,3200,-3264,-10400,-352,3392,-42,123,-7,158845,1540453711753
-16704,3200,-3264,-10416,-304,3408,-30,138,-16,158865,1540453711787
-16576,3200,-3264,-10368,-288,3392,-37,118,-24,158885,1540453711843
-16576,3136,-3328,-10448,-240,3392,-30,151,-19,158945,1540453711846
-16576,3264,-3328,-10432,-304,3408,-40,139,-16,158965,1540453711897
-16576,3200,-3264,-10432,-352,3376,-34,143,-2,158985,1540453711899
-16448,3200,-3200,-10448,-352,3456,-35,142,-25,159005,1540453711905
-16448,3264,-3200,-10448,-336,3376,-28,144,-1,159025,1540453711947
-16576,3328,-3136,-10400,-368,3392,-26,130,-6,159065,1540453711997
-16640,3136,-3264,-10448,-320,3456,-36,130,-25,159085,1540453712000
-16448,3264,-3264,-10416,-336,3408,-31,120,-21,159125,1540453712050
-16576,3072,-3136,-10400,-336,3408,-40,130,-13,159165,1540453712052
-16640,3200,-3456,-10448,-368,3392,-35,120,-1,159185,1540453712056
-16512,3264,-3328,-10432,-336,3456,-43,130,-3,159205,1540453712105
-16704,3264,-3264,-10384,-336,3376,-41,122,0,159225,1540453712157
-16512,3328,-3392,-10400,-384,3456,-35,129,-3,159245,1540453712159
-16640,3392,-3264,-10448,-368,3408,-24,134,-6,159265,1540453712213
-16576,3392,-3264,-10432,-352,3440,-19,142,-12,159325,1540453712215
-16576,3392,-3392,-10416,-368,3424,-36,133,-14,159345,1540453712219
-16640,3328,-3456,-10400,-352,3392,-43,128,-20,159365,1540453712263
-16448,3392,-3264,-10352,-336,3424,-38,132,-8,159385,1540453712265
-16512,3456,-3328,-10416,-352,3408,-42,131,-2,159405,1540453712314
-16512,3392,-3264,-10400,-336,3424,-41,115,-10,159425,1540453712316
-16640,3520,-3200,-10400,-336,3408,-46,120,3,159445,1540453712366
-16576,3392,-3392,-10352,-400,3408,-53,126,-9,159485,1540453712369
-16448,3328,-3328,-10368,-304,3424,-58,120,-7,159505,1540453712374
-16576,3328,-3264,-10352,-240,3424,-56,109,-13,159525,1540453712416
-16512,3456,-3328,-10432,-320,3408,-55,124,-5,159545,1540453712469
-16512,3520,-3264,-10368,-272,3440,-56,117,-8,159565,1540453712471
-16512,3392,-3392,-10320,-224,3392,-60,130,-9,159605,1540453712520
-16512,3328,-3392,-10336,-320,3424,-49,114,5,159625,1540453712523
-16512,3456,-3520,-10384,-304,3424,-58,116,11,159665,1540453712526
-16576,3584,-3392,-10320,-384,3392,-63,114,23,159685,1540453712571
-16512,3648,-3520,-10336,-336,3376,-71,120,15,159705,1540453712574
-16448,3584,-3520,-10304,-272,3408,-52,131,10,159725,1540453712626
-16448,3584,-3520,-10336,-272,3440,-59,100,7,159765,1540453712630
-16576,3584,-3584,-10320,-384,3392,-35,128,-7,159785,1540453712677
-16576,3520,-3584,-10336,-384,3424,-45,118,-23,159805,1540453712681
-16320,3520,-3456,-10272,-224,3408,-30,135,-40,159845,1540453712686
-16320,3776,-3392,-10320,-320,3408,-43,113,-36,159865,1540453712728
-16384,3584,-3520,-10336,-288,3408,-55,123,-40,159885,1540453712731
-16576,3584,-3584,-10352,-384,3424,-64,152,-39,159925,1540453712778
-16448,3584,-3456,-10352,-448,3456,-45,106,-28,159945,1540453712829
-16704,3776,-3840,-10320,-384,3440,-33,112,-36,159965,1540453712881
-16448,3712,-3712,-10384,-352,3440,-35,147,-30,159985,1540453712883
-16576,3584,-3712,-10304,-448,3456,-34,116,-52,160025,1540453712890
-16384,3584,-3648,-10336,-336,3392,-29,121,-38,160045,1540453712933
-16448,3520,-3648,-10288,-352,3456,-40,105,-11,160065,1540453712936
-16640,3392,-3584,-10256,-352,3424,-34,129,-13,160085,1540453712983
-16704,3520,-3392,-10320,-384,3408,-26,128,-10,160105,1540453712986
-16512,3456,-3648,-10272,-384,3424,-30,146,-37,160125,1540453713037
-16256,3456,-3584,-10352,-416,3424,-39,109,-19,160145,1540453713040
-16320,3456,-3392,-10320,-368,3408,-79,81,13,160165,1540453713044
-16704,3776,-3904,-10288,-432,3360,-73,132,48,160205,1540453713087
-16576,3776,-3648,-10240,-368,3472,-34,124,24,160245,1540453713090
-16512,3648,-3776,-10272,-400,3408,-35,125,9,160265,1540453713142
-16320,3584,-3776,-10336,-400,3392,-46,115,21,160285,1540453713147
-16448,3776,-3776,-10304,-400,3392,-57,117,33,160305,1540453713194
-16512,3712,-3648,-10240,-400,3392,-69,113,49,160325,1540453713197
-16448,3712,-3648,-10288,-416,3408,-66,113,48,160345,1540453713245
-16320,3968,-3776,-10272,-416,3488,-54,114,36,160385,1540453713247
-16448,4032,-3904,-10224,-416,3456,-39,128,14,160405,1540453713297
-16448,3904,-3712,-10272,-432,3408,-33,147,5,160425,1540453713300
-16512,3968,-3840,-10224,-464,3440,-36,145,12,160445,1540453713401
-16448,3776,-3840,-10192,-288,3408,-40,144,25,160465,1540453713404
-16320,4032,-3776,-10224,-384,3408,-52,150,32,160485,1540453713408
-16448,3840,-3840,-10208,-288,3424,-53,168,55,160505,1540453713452
-16512,4032,-3584,-10256,-400,3392,-65,120,60,160525,1540453713454
-16384,4032,-3584,-10240,-432,3424,-45,132,13,160565,1540453713504
-16384,4096,-3584,-10240,-464,3456,-47,142,0,160605,1540453713507
-16448,4096,-3584,-10240,-432,3392,-31,136,2,160645,1540453713555
-16448,4032,-3776,-10272,-352,3392,-40,138,-12,160665,1540453713657
-16320,4032,-3904,-10240,-384,3392,-40,129,-8,160685,1540453713660
-16320,3968,-3712,-10256,-320,3440,-48,140,-13,160705,1540453713664
-16448,4096,-3648,-10192,-368,3392,-43,147,8,160745,1540453713710
-16512,4160,-3904,-10224,-432,3440,-94,68,-35,160765,1540453713713
-16064,4224,-3904,-10208,-320,3392,-62,165,-7,160785,1540453713719
-16256,4352,-3264,-10192,-432,3424,-49,100,13,160805,1540453713761
-16512,4160,-4032,-10240,-432,3408,-61,152,-25,160825,1540453713764
-16256,4160,-3584,-10240,-480,3408,-55,93,-22,160845,1540453713812
-16320,4224,-3840,-10272,-416,3376,-38,140,-11,160865,1540453713814
-16320,4032,-3904,-10224,-432,3392,-69,71,-6,160885,1540453713863
-16448,4032,-4032,-10256,-464,3408,-35,124,-10,160925,1540453713865
-16448,4160,-3584,-10192,-448,3392,-46,134,-21,160945,1540453713915
-16320,4160,-3904,-10224,-432,3440,-42,112,-5,160965,1540453713917
-16384,4160,-3968,-10224,-448,3424,-36,125,-17,160985,1540453713923
-16384,4160,-3776,-10192,-432,3408,-42,115,-24,161025,1540453713970
-16384,4160,-4032,-10176,-464,3472,-35,141,-34,161045,1540453714023
-16320,4032,-3840,-10208,-480,3456,-46,139,-21,161065,1540453714025
-16320,4160,-3904,-10192,-432,3376,-39,125,-26,161105,1540453714076
-16320,4160,-3904,-10192,-416,3424,-32,126,-18,161125,1540453714079
-16384,4096,-3904,-10176,-480,3408,-49,136,-18,161185,1540453714128
-16320,4032,-3840,-10208,-464,3392,-42,125,-17,161205,1540453714130
-16320,4096,-3840,-10192,-432,3424,-35,129,-25,161225,1540453714178
-16512,4160,-3840,-10112,-464,3360,-29,130,-27,161245,1540453714182
-16320,4096,-3840,-10160,-480,3376,-40,132,-27,161285,1540453714229
-16192,4032,-3840,-10160,-432,3392,-42,123,-37,161305,1540453714280
-16256,4224,-3840,-10208,-464,3376,-28,142,-28,161325,1540453714283
-16320,4032,-3840,-10144,-464,3424,-28,130,-22,161385,1540453714287
-16384,4096,-3776,-10144,-480,3376,-47,131,-35,161425,1540453714389
-16192,4096,-3904,-10176,-448,3392,-45,129,-28,161465,1540453714392
-16256,4096,-3840,-10096,-432,3392,-26,128,-27,161485,1540453714438
-16384,4032,-3904,-10176,-496,3376,-29,132,-37,161505,1540453714492
-16320,4096,-3904,-10128,-400,3392,-33,142,-32,161525,1540453714494
-16384,4160,-4096,-10192,-464,3360,-18,127,-26,161545,1540453714546
-16512,4096,-4032,-10144,-336,3392,-16,130,-44,161565,1540453714548
-16384,4224,-3968,-10144,-448,3488,-23,128,-42,161585,1540453714595
-16384,4096,-3648,-10128,-352,3392,-19,136,-50,161605,1540453714599
-16384,4032,-3968,-10160,-464,3376,-16,144,-22,161645,1540453714647
-16320,3968,-3712,-10176,-448,3408,-14,144,-24,161665,1540453714701
-16320,4096,-3840,-10112,-464,3408,-21,167,-26,161685,1540453714703
-16448,4096,-3712,-10160,-464,3408,-40,184,-5,161705,1540453714757
-16512,3968,-3648,-10192,-400,3376,-64,198,33,161725,1540453714759
-16448,4096,-3776,-10160,-464,3424,-73,206,58,161745,1540453714811
-16384,4032,-3968,-10224,-480,3424,-96,242,113,161785,1540453714861
-16320,4352,-3840,-10240,-480,3392,-85,249,160,161825,1540453714864
-16320,4416,-3904,-10256,-464,3456,-80,244,192,161865,1540453714870
-16256,4800,-3968,-10240,-480,3424,-84,237,203,161885,1540453714911
-16192,4672,-3840,-10256,-480,3440,-82,265,208,161905,1540453714962
-16384,4736,-3712,-10288,-480,3376,-58,245,182,161925,1540453714964
-16256,4800,-3584,-10304,-464,3440,-42,254,87,161945,1540453715013
-16128,4672,-3456,-10304,-464,3424,-7,276,77,161965,1540453715016
-16000,4864,-3200,-10304,-448,3376,35,181,43,162005,1540453715063
-15488,5120,-3008,-10336,-496,3392,44,74,12,162045,1540453715066
-16000,5120,-3008,-10352,-448,3408,62,38,15,162065,1540453715070
-16320,5056,-2752,-10288,-480,3360,28,10,16,162085,1540453715114
-16000,5696,-3968,-10176,-400,3328,298,-145,-148,162145,1540453715116
-16512,4800,-3712,-10128,-320,3360,161,-145,-143,162185,1540453715164
-16704,4416,-3968,-10128,-256,3280,188,-63,-235,162225,1540453715167
-16000,4928,-4096,-10032,-240,3312,188,-60,-237,162245,1540453715214
-17088,5312,-4160,-10048,-176,3328,143,-176,177,162285,1540453715216
-16064,4224,-4544,-9936,-144,3344,162,-153,154,162325,1540453715268
-15808,4736,-4736,-9792,-80,3312,174,-81,-83,162365,1540453715271
-15808,4992,-4096,-9760,64,3328,154,-71,-100,162385,1540453715276
-16000,5184,-4032,-9760,0,3344,133,-106,-182,162405,1540453715318
-16256,5184,-4224,-9648,160,3312,148,-41,-207,162425,1540453715321
-15872,5184,-4224,-9712,64,3344,139,-6,-219,162445,1540453715370
-16064,4672,-4352,-9632,80,3296,73,7,-215,162485,1540453715373
-16384,4032,-4736,-9568,64,3296,26,24,-104,162505,1540453715426
-16704,4224,-4928,-9584,80,3248,-203,-12,271,162545,1540453715431
-16512,4736,-5312,-9552,48,3264,-100,57,411,162585,1540453715435
-15104,4864,-4928,-9424,96,3264,-87,81,80,162625,1540453715478
-15744,4544,-5440,-9456,-32,3312,-102,117,12,162645,1540453715529
-15808,4736,-4736,-9408,64,3264,-104,134,-35,162665,1540453715532
-16128,5440,-4864,-9456,-16,3248,-119,190,-63,162685,1540453715579
-15552,5312,-5120,-9488,-64,3264,-91,242,-229,162725,1540453715581
-15808,5632,-4928,-9488,-32,3264,14,309,-398,162765,1540453715586
-16000,5056,-4672,-9536,-32,3264,7,349,-453,162785,1540453715686
-16128,4672,-5056,-9552,-48,3280,-3,365,-438,162805,1540453715689
-16256,4416,-5056,-9648,-48,3296,-17,366,-426,162825,1540453715737
-16192,4032,-4928,-9680,-16,3312,-57,364,-388,162845,1540453715739
-16256,3968,-4800,-9744,-64,3264,-110,338,-314,162865,1540453715742
-16704,3968,-4224,-9824,-48,3264,-179,336,-122,162905,1540453715789
-16448,4032,-4480,-9872,-96,3280,-172,337,-72,162925,1540453715791
-16256,3840,-4480,-9904,-112,3328,-163,337,-20,162945,1540453715842
-16320,3776,-4480,-9920,-128,3296,-177,314,24,162965,1540453715845
-16448,3776,-4096,-9952,-192,3248,-174,272,73,162985,1540453715894
-16064,3840,-4032,-9952,-160,3312,-164,290,76,163005,1540453715946
-16384,3648,-4288,-9936,-176,3312,-179,275,91,163025,1540453715948
-16256,3584,-4160,-9936,-160,3280,-217,243,93,163045,1540453715951
-16128,4288,-3904,-10016,-304,3328,-193,220,76,163085,1540453715997
-16064,4416,-3904,-10000,-288,3296,-171,215,37,163105,1540453716049
-16000,4480,-3904,-10048,-272,3312,-166,221,20,163125,1540453716052
-16192,4480,-3776,-10080,-288,3328,-163,212,29,163145,1540453716098
-16384,4480,-3968,-10048,-304,3328,-130,222,26,163165,1540453716101
-16128,4352,-3904,-10096,-352,3344,-95,220,-26,163185,1540453716201
-16320,4096,-4032,-10032,-368,3312,-80,223,-59,163205,1540453716204
-16448,3840,-3904,-10048,-352,3312,-109,220,-53,163225,1540453716207
-16256,4032,-4096,-10128,-288,3328,-157,211,-11,163285,1540453716252
-16448,4032,-4032,-10128,-384,3312,-137,198,-32,163305,1540453716304
-16576,4224,-3840,-10144,-432,3296,-117,240,-25,163325,1540453716306
-16768,4352,-3904,-10176,-448,3344,-90,250,-29,163345,1540453716310
-16512,4224,-4032,-10176,-352,3328,-77,307,-31,163365,1540453716354
-16448,4096,-3904,-10160,-432,3376,-73,272,-44,163385,1540453716410
-16192,3776,-3520,-10192,-448,3344,-91,261,-53,163405,1540453716413
-16576,4096,-3520,-10288,-416,3312,-111,294,-114,163485,1540453716460
-16576,3776,-3776,-10304,-464,3392,-128,299,-86,163505,1540453716464
-16512,3584,-3840,-10352,-528,3360,-178,286,-61,163525,1540453716511
-16576,3648,-3776,-10416,-576,3392,-191,318,-27,163545,1540453716513
-16832,3712,-3456,-10336,-480,3344,-188,325,21,163565,1540453716561
-17088,3968,-3200,-10400,-592,3392,-185,369,77,163585,1540453716564
-16192,3968,-3328,-10480,-608,3376,-154,328,108,163625,1540453716612
-16384,4032,-3136,-10512,-560,3392,-152,314,94,163645,1540453716614
-16448,4096,-2688,-10528,-656,3360,-139,308,85,163665,1540453716662
-16384,4032,-2432,-10560,-656,3424,-109,322,52,163705,1540453716664
-16384,3904,-2688,-10592,-720,3344,-106,307,3,163725,1540453716712
-16576,3904,-2240,-10656,-688,3440,-110,329,-11,163745,1540453716715
-16896,3648,-2240,-10640,-736,3408,-129,296,-11,163765,1540453716763
-16384,3904,-2432,-10624,-736,3472,-101,207,-18,163825,1540453716765
-16960,4224,-1856,-10672,-752,3424,-54,223,-63,163845,1540453716814
-17024,3840,-1728,-10704,-736,3424,-40,251,-126,163865,1540453716816
-16640,3520,-1792,-10752,-736,3424,-52,259,-151,163885,1540453716866
-15488,3520,-2560,-10768,-768,3488,-13,296,-184,163945,1540453716869
-16640,3456,-2560,-10784,-816,3520,-125,201,-84,163985,1540453716872
-16064,3648,-2944,-10816,-752,3488,-190,107,-83,164005,1540453716920
-15936,4096,-3456,-10848,-816,3568,-193,121,-72,164025,1540453716922
-15872,4800,-4160,-10832,-880,3520,-194,47,-43,164065,1540453716971
-15488,5312,-4992,-10816,-864,3536,-135,-33,-31,164085,1540453716974
-15744,5376,-4544,-10784,-880,3520,-81,-68,-39,164105,1540453717026
-16384,5312,-4352,-10768,-880,3504,34,-45,-39,164125,1540453717029
-16768,3712,-2432,-10608,-816,3456,160,18,-104,164185,1540453717033
-16384,3392,-2368,-10656,-848,3456,158,26,-108,164205,1540453717076
-15424,3072,-2496,-10624,-720,3440,155,33,-124,164225,1540453717079
-15680,3456,-2304,-10624,-816,3440,45,-69,29,164245,1540453717130
-17216,3904,-1344,-10608,-768,3424,65,3,47,164285,1540453717181
-18560,3648,-1600,-10512,-608,3408,67,120,-18,164305,1540453717183
-16896,4096,-2368,-10464,-528,3392,117,137,-32,164345,1540453717186
-15680,4032,-3008,-10496,-704,3392,146,73,-86,164365,1540453717231
-16128,3456,-2944,-10496,-480,3344,123,104,-90,164385,1540453717234
-17216,2624,-2240,-10528,-608,3440,48,94,-75,164405,1540453717282
-16640,2752,-2816,-10464,-672,3376,-15,68,-25,164425,1540453717285
-16512,3456,-3136,-10528,-640,3392,-2,69,-77,164445,1540453717339
-15552,3264,-3776,-10448,-624,3360,72,11,-168,164485,1540453717341
-17536,3264,-2752,-10432,-624,3344,-70,95,5,164525,1540453717392
-16384,3584,-3584,-10448,-576,3328,-2,108,-92,164545,1540453717395
-16192,3840,-3520,-10416,-576,3360,6,102,-45,164565,1540453717443
-16576,3840,-3328,-10384,-640,3312,-14,100,-22,164585,1540453717447
-16576,3392,-3200,-10384,-576,3344,-35,129,-32,164605,1540453717494
-16576,3456,-2816,-10384,-592,3344,-67,107,-8,164625,1540453717497
-16704,3584,-3072,-10416,-608,3344,-70,132,2,164645,1540453717544
-16640,3648,-3328,-10384,-640,3344,-66,145,-21,164665,1540453717547
-16704,3520,-3392,-10352,-608,3328,-71,115,1,164705,1540453717598
-16832,3328,-3264,-10432,-656,3328,-92,132,-22,164725,1540453717600
-16512,3328,-3392,-10416,-608,3376,-95,137,-1,164745,1540453717647
-16896,3456,-3328,-10416,-640,3392,-105,126,17,164765,1540453717698
-16576,3456,-3520,-10384,-624,3312,-123,141,14,164785,1540453717701
-16576,3392,-3328,-10400,-672,3392,-129,136,43,164805,1540453717749
-16576,3648,-3520,-10352,-656,3344,-128,137,54,164825,1540453717800
-16512,3712,-3264,-10400,-704,3360,-135,150,68,164845,1540453717851
-16384,3840,-3328,-10368,-704,3424,-88,156,79,164885,1540453717907
-16320,3840,-3200,-10384,-672,3328,-88,161,91,164905,1540453717912
-16384,3904,-3328,-10400,-720,3360,-68,186,121,164945,1540453717917
-16512,3968,-3264,-10400,-720,3376,-74,193,123,164965,1540453717959
-16448,3904,-3392,-10416,-704,3312,-68,184,137,164985,1540453717962
-16320,4096,-3264,-10352,-720,3360,-55,175,123,165005,1540453718011
-16256,4224,-3136,-10416,-736,3376,-50,153,117,165025,1540453718013
-16256,4224,-3200,-10464,-688,3360,-12,104,70,165065,1540453718059
-16128,4288,-3008,-10400,-608,3328,-12,90,15,165085,1540453718063
-16640,4032,-4288,-10368,-624,3376,18,96,18,165125,1540453718112
-16512,4480,-2816,-10368,-704,3344,6,55,-47,165145,1540453718114
-15936,4480,-3520,-10384,-656,3392,27,57,-28,165165,1540453718217
-16576,4352,-3264,-10400,-688,3392,2,64,-49,165185,1540453718220
-16192,4352,-3520,-10256,-576,3344,43,70,-29,165205,1540453718224
-16320,4160,-3456,-10256,-640,3408,29,49,-49,165245,1540453718270
-16320,4224,-3456,-10288,-656,3376,27,32,-27,165265,1540453718272
-16320,4032,-3520,-10240,-448,3328,-17,-6,-17,165285,1540453718320
-16192,3648,-3072,-10288,-688,3360,26,5,42,165305,1540453718323
-16448,4288,-3712,-10224,-608,3408,-22,36,63,165345,1540453718371
-16064,4224,-3776,-10176,-624,3344,-16,35,57,165365,1540453718373
-16320,4288,-3904,-10224,-672,3344,-18,29,75,165385,1540453718377
-16128,4352,-3840,-10144,-528,3344,-20,16,3,165445,1540453718422
-16128,4544,-4032,-10144,-640,3360,-10,6,-56,165485,1540453718424
-15936,4544,-4032,-10096,-592,3328,-14,-21,-43,165505,1540453718477
-16128,4736,-4096,-10016,-624,3344,11,18,-21,165545,1540453718480
-16512,4288,-4608,-9984,-560,3296,11,24,17,165605,1540453718532
-16576,4352,-4864,-9984,-528,3312,-3,63,38,165625,1540453718535
-16768,4352,-4224,-9984,-560,3312,-13,153,73,165665,1540453718540
-16960,4288,-3648,-9968,-560,3312,-33,216,77,165685,1540453718584
-17088,4096,-3072,-10032,-544,3328,-50,242,54,165705,1540453718587
-15040,4224,-3840,-10048,-560,3328,-45,226,-33,165725,1540453718636
-14912,4416,-3584,-10064,-544,3376,-78,119,14,165745,1540453718685
-16128,4224,-3136,-10080,-592,3376,-100,132,-44,165785,1540453718689
-15616,4736,-3840,-10016,-592,3376,-74,138,-97,165805,1540453718694
-15424,4672,-4608,-10064,-592,3328,-3,131,-153,165845,1540453718737
-15808,4608,-4992,-10016,-592,3360,-37,74,-97,165865,1540453718742
-16000,4608,-5184,-9968,-528,3328,-51,53,-63,165885,1540453718794
-16128,4800,-5312,-9968,-608,3360,-40,101,-85,165905,1540453718799
-15872,4864,-5120,-10000,-640,3344,-19,118,-38,165985,1540453718806
-16128,4928,-4800,-9984,-592,3360,-9,104,-36,166005,1540453718845
-15936,4608,-4736,-9968,-544,3376,21,126,-54,166025,1540453718850
-16192,4608,-4480,-9968,-640,3376,-21,134,-51,166045,1540453718897
-16320,4480,-4480,-9968,-496,3360,-12,119,-36,166065,1540453718948
-16320,4608,-4544,-10000,-528,3328,-27,113,-56,166085,1540453719056
-16128,4544,-4288,-9984,-400,3360,0,140,-83,166105,1540453719059
-16064,4544,-4352,-9968,-448,3312,7,166,-124,166145,1540453719062
-16256,4608,-4160,-9952,-496,3296,51,184,-153,166165,1540453719110
-16320,4544,-4288,-9936,-368,3312,67,194,-209,166185,1540453719114
-16064,4224,-4160,-10000,-528,3328,37,218,-196,166205,1540453719117
-16000,4288,-3968,-10032,-464,3376,25,184,-134,166225,1540453719162
-16640,4416,-4032,-9968,-496,3328,61,240,-148,166245,1540453719164
-16768,4032,-3776,-10032,-544,3296,43,262,-180,166265,1540453719214
-16320,3712,-4096,-10064,-528,3280,4,241,-176,166285,1540453719216
-16128,4160,-4096,-10032,-560,3328,-16,195,-95,166325,1540453719267
-16768,3776,-3968,-10080,-480,3312,-35,212,-88,166345,1540453719270
-16512,3648,-3904,-10096,-512,3264,-59,205,-70,166365,1540453719319
-16512,3840,-4032,-10112,-512,3328,-40,211,-69,166385,1540453719370
-16384,3776,-3968,-10112,-496,3296,-55,203,-67,166425,1540453719373
-16320,3776,-3904,-10160,-560,3360,-74,190,-58,166445,1540453719376
-16256,3712,-3904,-10176,-544,3296,-70,183,-51,166465,1540453719422
-16384,3904,-3904,-10128,-560,3312,-86,174,-34,166505,1540453719425
-16512,4096,-3776,-10128,-512,3360,-80,188,-29,166525,1540453719527
-16448,3968,-3840,-10176,-608,3328,-76,193,-17,166545,1540453719530
-16512,3968,-3968,-10176,-544,3312,-74,198,-14,166565,1540453719534
-16576,3904,-3968,-10208,-544,3328,-76,198,-9,166585,1540453719578
-16384,3840,-3904,-10176,-576,3312,-70,204,-6,166605,1540453719628
-16512,3648,-3904,-10208,-592,3360,-67,207,16,166625,1540453719631
-16384,3840,-3712,-10224,-560,3392,-102,199,10,166645,1540453719635
-16256,3904,-3648,-10208,-592,3360,-75,186,5,166705,1540453719679
-16320,3904,-3840,-10224,-608,3344,-72,174,9,166745,1540453719681
-16448,3904,-3648,-10240,-640,3376,-70,151,-21,166805,1540453719729
-16448,3904,-3712,-10272,-608,3328,-68,163,-9,166825,1540453719732
-16192,3904,-3776,-10240,-640,3392,-73,138,-22,166865,1540453719779
-16448,3776,-3648,-10272,-640,3360,-72,146,-17,166885,1540453719783
-16512,4032,-3648,-10240,-640,3312,-84,153,-20,166905,1540453719881
-16384,4032,-3648,-10192,-624,3424,-61,133,-10,166925,1540453719883
-16320,3776,-3648,-10256,-624,3296,-65,149,-23,166945,1540453719887
-16448,4032,-3712,-10272,-576,3360,-62,134,-3,166965,1540453719931
-16384,4096,-3776,-10272,-688,3408,-41,146,-24,166985,1540453719981
-16256,4160,-3712,-10272,-544,3344,-31,135,-16,167005,1540453719983
-16384,3968,-3712,-10224,-656,3376,-36,147,-35,167045,1540453720031
-16320,3968,-3648,-10208,-624,3360,-29,151,-47,167065,1540453720085
-16320,4032,-3776,-10160,-528,3328,-17,136,-43,167085,1540453720087
-16256,4032,-3776,-10256,-672,3392,-18,125,-27,167105,1540453720092
-16448,3840,-3712,-10224,-624,3312,-40,132,-25,167145,1540453720135
-16448,3968,-3648,-10272,-672,3360,-45,135,-18,167165,1540453720242
-16576,3968,-3840,-10224,-608,3344,-33,144,-23,167185,1540453720245
-16448,3968,-3968,-10224,-640,3360,-28,127,-25,167225,1540453720250
-16448,3904,-3840,-10192,-608,3392,-31,130,-24,167285,1540453720345
-16384,3904,-3904,-10240,-624,3360,-36,133,-27,167305,1540453720348
-16384,3968,-3648,-10240,-624,3376,-37,152,-24,167325,1540453720396
-16384,3904,-3776,-10240,-640,3344,-44,165,-16,167365,1540453720399
-16512,4096,-3712,-10240,-672,3360,-44,145,2,167405,1540453720403
-16448,4032,-3712,-10240,-656,3376,-40,161,-25,167425,1540453720446
-16512,4032,-3776,-10304,-672,3296,-30,154,-11,167445,1540453720448
-16384,4096,-3776,-10256,-624,3360,-30,147,7,167465,1540453720497
-16256,4096,-3776,-10240,-672,3344,-41,141,-16,167485,1540453720499
-16384,3968,-3776,-10224,-672,3392,-30,145,-8,167505,1540453720546
-16320,3904,-3648,-10288,-608,3392,-30,131,-18,167525,1540453720601
-16384,3968,-3776,-10320,-640,3408,-29,119,-22,167545,1540453720603
-16448,4032,-3776,-10304,-640,3328,-30,124,-37,167585,1540453720708
-16384,3968,-3648,-10224,-656,3344,-32,141,-35,167645,1540453720760
-16448,3968,-3648,-10272,-672,3408,-30,141,-19,167665,1540453720811
-16384,4032,-3648,-10288,-640,3376,-35,135,-16,167685,1540453720814
-16256,4160,-3584,-10272,-672,3360,-28,142,-33,167725,1540453720819
-16320,4032,-3776,-10256,-640,3360,-16,151,-30,167765,1540453720862
-16384,4032,-3776,-10208,-608,3408,-23,138,-34,167785,1540453720915
-16320,4032,-3648,-10240,-624,3376,-34,132,-40,167805,1540453720917
-16448,3904,-3648,-10288,-624,3424,-29,134,-45,167825,1540453720922
-16512,3840,-3840,-10240,-544,3328,-33,143,-41,167865,1540453720968
-16320,3968,-3840,-10256,-608,3360,-35,132,-31,167885,1540453721022
-16384,4096,-3840,-10160,-560,3392,-35,141,-12,167905,1540453721076
-16320,3904,-3776,-10208,-544,3376,-47,152,-28,167945,1540453721080
-16576,4096,-3840,-10176,-480,3360,-26,128,-34,168025,1540453721084
-16384,4032,-3776,-10256,-592,3376,-32,136,-33,168045,1540453721182
-16384,3968,-3712,-10224,-592,3376,-26,137,-44,168125,1540453721231
-16448,3904,-3712,-10256,-656,3408,-36,121,-38,168145,1540453721234
-16448,4032,-3712,-10224,-624,3312,-15,135,-29,168165,1540453721237
-16512,3904,-3840,-10256,-608,3392,-35,141,-32,168185,1540453721282
-16512,3904,-3584,-10240,-608,3360,-39,141,-26,168205,1540453721285
-16448,3968,-3712,-10288,-624,3376,-27,142,-13,168225,1540453721333
-16512,4032,-3648,-10224,-608,3328,-33,147,-25,168245,1540453721385
-16192,3968,-3776,-10224,-624,3344,-60,131,-25,168265,1540453721387
-16384,3968,-3776,-10240,-608,3328,-29,155,-54,168305,1540453721391
-16320,3904,-3840,-10272,-624,3360,-41,180,-52,168345,1540453721437
-16384,3776,-3776,-10240,-640,3392,-56,195,-58,168365,1540453721439
-16512,3776,-3840,-10224,-656,3376,-59,200,-41,168385,1540453721545
-16064,4096,-3584,-10272,-656,3408,-28,200,-49,168485,1540453721548
-16256,4160,-3712,-10368,-656,3408,10,204,-14,168525,1540453721551
-16192,3968,-3136,-10336,-640,3376,-39,128,-43,168545,1540453721595
-16448,3776,-3584,-10352,-672,3376,-34,147,-5,168585,1540453721597
-16320,3904,-3456,-10320,-624,3424,-33,127,-16,168605,1540453721646
-16384,3968,-3648,-10320,-672,3408,-38,123,-3,168625,1540453721648
-16384,4032,-3584,-10336,-672,3392,-42,134,-24,168665,1540453721697
-16320,4032,-3584,-10336,-608,3408,-14,133,-34,168705,1540453721699
-16384,4032,-3584,-10352,-592,3392,-25,127,-31,168725,1540453721747
-16512,4032,-3456,-10336,-640,3360,-23,118,-30,168745,1540453721750
-16512,4032,-3648,-10336,-640,3392,-18,128,-34,168765,1540453721754
-16448,3840,-3584,-10304,-528,3376,-36,150,-43,168845,1540453721801
-16320,4032,-3648,-10336,-640,3392,-41,165,-36,168865,1540453721804
-16512,3968,-3584,-10272,-608,3392,-44,139,-37,168885,1540453721909
-16448,3840,-3648,-10304,-640,3360,-45,158,15,168905,1540453721912
-16384,4032,-3520,-10304,-688,3376,-14,138,-54,168985,1540453721915
-16448,3840,-3584,-10368,-640,3408,-25,125,-33,169025,1540453721960
-16448,3904,-3520,-10336,-656,3360,-32,132,-32,169045,1540453722012
-16448,3968,-3840,-10320,-592,3376,-31,130,-44,169065,1540453722015
-16320,3904,-3584,-10288,-528,3376,-30,135,-47,169085,1540453722022
-16512,4032,-3584,-10240,-608,3360,-16,148,-36,169105,1540453722120
-16512,4032,-3584,-10320,-656,3392,-5,133,-37,169125,1540453722123
-16384,3776,-3648,-10320,-560,3392,-19,116,-38,169165,1540453722127
-16448,3968,-3712,-10304,-640,3392,-16,127,-59,169205,1540453722171
-16384,3904,-3648,-10304,-592,3344,-15,123,-57,169225,1540453722221
-16512,3968,-3648,-10288,-640,3392,-21,122,-48,169245,1540453722223
-16576,3776,-3776,-10320,-608,3360,-10,119,-54,169305,1540453722227
-16448,3840,-3456,-10320,-592,3392,-11,122,-63,169325,1540453722275
-16384,3904,-3584,-10288,-592,3344,-6,121,-56,169345,1540453722280
-16448,3776,-3456,-10336,-608,3360,-15,112,-50,169385,1540453722380
-16448,3840,-3712,-10240,-576,3376,-23,110,-47,169405,1540453722383
-16448,3968,-3648,-10272,-576,3392,-19,120,-33,169425,1540453722387
-16448,3712,-3584,-10320,-560,3392,-31,128,-34,169445,1540453722430
-16448,3776,-3840,-10304,-576,3392,-21,125,-42,169465,1540453722434
-16448,3968,-3648,-10288,-608,3328,-27,127,-40,169485,1540453722480
-16448,3840,-3712,-10288,-624,3376,-19,123,-40,169505,1540453722482
-16448,3776,-3648,-10224,-560,3408,-14,141,-43,169525,1540453722531
-16384,3712,-3712,-10240,-560,3376,-28,135,-17,169565,1540453722534
-16320,3712,-3776,-10288,-624,3408,-31,134,-26,169585,1540453722540
-16384,3776,-3776,-10256,-624,3328,-31,131,-32,169605,1540453722582
-16448,4032,-3776,-10240,-576,3344,-26,144,-35,169645,1540453722585
-16512,3712,-4032,-10256,-592,3408,-10,138,-28,169685,1540453722635
-16448,3648,-3840,-10240,-480,3376,-31,134,-22,169705,1540453722687
-16512,3776,-3776,-10256,-592,3408,-31,135,-17,169765,1540453722738
-16448,3840,-3712,-10240,-448,3392,-29,150,-22,169785,1540453722740
-16320,4032,-3712,-10272,-576,3360,-35,157,-20,169805,1540453722744
-16512,3776,-3776,-10224,-480,3392,-32,130,-13,169825,1540453722794
-16448,3776,-3776,-10256,-592,3376,-35,143,-19,169845,1540453722845
-16384,3776,-3712,-10256,-528,3376,-33,139,-23,169885,1540453722848
-16384,3840,-3840,-10256,-560,3328,-31,131,-19,169925,1540453722854
-16704,3776,-3840,-10256,-592,3408,-36,140,-12,169945,1540453722895
-16512,3840,-3776,-10208,-608,3344,-31,126,-22,169965,1540453722898
-16384,3968,-3648,-10240,-608,3360,-32,137,-24,170005,1540453722949
-16576,3904,-3776,-10288,-448,3376,-36,154,-21,170025,1540453722951
-16512,3712,-3712,-10288,-576,3344,-41,136,-12,170045,1540453723000
-16384,3840,-3776,-10224,-608,3376,-41,147,-17,170065,1540453723003
-16448,3904,-3648,-10240,-560,3360,-46,151,-20,170145,1540453723051
-16448,4032,-3904,-10320,-608,3392,-36,152,-10,170165,1540453723054
-16384,3904,-3712,-10304,-560,3392,-49,141,-22,170185,1540453723103
-16384,3904,-3712,-10256,-576,3376,-30,156,-19,170205,1540453723158
-16576,3776,-3712,-10272,-608,3360,-34,177,-14,170225,1540453723211
-16448,3776,-3776,-10272,-608,3392,-42,146,-11,170245,1540453723213
-16512,3904,-3648,-10240,-576,3408,-47,140,-24,170285,1540453723220
-16320,3776,-3392,-10304,-624,3360,-33,154,-20,170305,1540453723261
-16448,3904,-3712,-10288,-608,3328,-35,147,-21,170325,1540453723312
-16384,3776,-3904,-10256,-544,3360,-40,136,-30,170345,1540453723363
-16512,3904,-3776,-10288,-592,3408,-24,149,-23,170365,1540453723414
-16256,3840,-3840,-10288,-592,3392,-39,143,-24,170385,1540453723416
-16384,3840,-3712,-10256,-624,3360,-23,145,-19,170405,1540453723419
-16512,3968,-3712,-10256,-560,3376,-32,146,-29,170465,1540453723465
-16384,4032,-3648,-10272,-592,3392,-31,149,-25,170505,1540453723468
-16448,3904,-3648,-10304,-608,3408,-31,149,-24,170525,1540453723515
-16448,3968,-3840,-10288,-592,3344,-36,149,-23,170545,1540453723519
-16384,3968,-3648,-10288,-608,3408,-29,145,-18,170585,1540453723566
-16512,4096,-3648,-10288,-528,3392,-34,147,-21,170605,1540453723569
-16384,3904,-3712,-10256,-528,3440,-47,147,-15,170645,1540453723575
-16448,3968,-3776,-10272,-560,3392,-37,148,-20,170665,1540453723673
-16448,3968,-3776,-10272,-608,3392,-33,155,-17,170685,1540453723676
-16384,3968,-3648,-10240,-608,3344,-44,143,-15,170705,1540453723725
-16320,3776,-3712,-10304,-608,3440,-38,149,-7,170725,1540453723730
-16320,3904,-3648,-10320,-576,3392,-36,137,-14,170745,1540453723734
-16448,3904,-3648,-10272,-480,3408,-32,145,-10,170765,1540453723775
-16448,3904,-3712,-10272,-608,3360,-34,147,-25,170785,1540453723780
-16512,4032,-3584,-10288,-576,3408,-32,139,-30,170845,1540453723828
-16384,3968,-3584,-10240,-592,3424,-37,143,-22,170865,1540453723831
-16448,4032,-3648,-10320,-624,3392,-34,161,-17,170885,1540453723878
-16448,3968,-3648,-10256,-592,3392,-45,139,-22,170905,1540453723881
-16512,4032,-3776,-10272,-592,3376,-33,156,-43,170965,1540453723931
-16448,3968,-3584,-10320,-608,3408,-31,129,-37,171005,1540453723934
-16384,3904,-3648,-10288,-608,3360,-44,139,-28,171025,1540453723940
-16512,3904,-3648,-10304,-608,3408,-37,135,-28,171065,1540453723980
-16384,3904,-3712,-10320,-560,3392,-35,133,-28,171085,1540453724033
-16576,3968,-3712,-10304,-608,3408,-32,146,-28,171125,1540453724036
-16384,4032,-3648,-10256,-592,3312,-15,142,-32,171145,1540453724084
-16384,3840,-3776,-10304,-608,3392,-37,132,-34,171205,1540453724087
-16384,3904,-3712,-10256,-608,3344,-14,137,-30,171225,1540453724093
-16384,3904,-3712,-10288,-592,3344,-18,136,-41,171245,1540453724191
-16640,3968,-3776,-10320,-592,3360,-21,142,-35,171265,1540453724195
-16448,3968,-3648,-10272,-608,3392,-39,135,-33,171285,1540453724243
-16512,3968,-3712,-10256,-608,3344,-28,139,-22,171305,1540453724246
-16384,3904,-3712,-10288,-672,3376,-39,142,-19,171325,1540453724293
-16448,4160,-3712,-10272,-576,3344,-34,141,-24,171365,1540453724297
-16256,3904,-3776,-10304,-592,3408,-31,135,-29,171385,1540453724301
-16448,3840,-3584,-10288,-608,3376,-30,141,-18,171445,1540453724347
-16384,4032,-3904,-10304,-640,3392,-30,141,-7,171465,1540453724400
-16320,3968,-3712,-10256,-608,3392,-31,137,-22,171485,1540453724403
-16256,3904,-3648,-10288,-528,3376,-42,138,-17,171505,1540453724409
-16704,3968,-3648,-10240,-528,3424,-41,141,-17,171545,1540453724451
-16448,4032,-3712,-10320,-592,3376,-38,138,-13,171565,1540453724502
-16384,3968,-3776,-10288,-512,3392,-36,136,-10,171585,1540453724554
-16448,3840,-3648,-10288,-576,3408,-53,133,-2,171605,1540453724557
-16512,3904,-3584,-10272,-496,3408,-52,141,2,171625,1540453724610
-16384,3840,-3840,-10288,-624,3392,-38,140,-3,171645,1540453724614
-16384,4032,-3776,-10208,-496,3328,-63,144,-10,171665,1540453724618
-16384,4032,-3584,-10272,-608,3360,-51,139,-3,171685,1540453724661
-16384,3968,-3584,-10336,-592,3344,-39,126,-9,171725,1540453724664
-16384,3968,-3776,-10240,-592,3376,-44,137,-7,171745,1540453724713
-16384,4032,-3776,-10240,-608,3408,-45,130,-8,171785,1540453724715
-16320,3968,-3648,-10256,-576,3360,-37,141,-22,171805,1540453724763
-16448,4160,-3712,-10304,-592,3376,-22,121,-24,171825,1540453724766
-16256,4160,-3584,-10320,-592,3392,-21,133,-27,171845,1540453724870
-16384,4160,-3840,-10272,-640,3376,-16,137,-35,171865,1540453724874
-16448,3904,-3712,-10304,-608,3376,-18,142,-33,171905,1540453724879
-16512,3968,-3776,-10256,-608,3376,-16,139,-38,171925,1540453724881
-16320,4032,-3840,-10288,-624,3376,-33,138,-21,171985,1540453724976
-16384,4032,-3648,-10272,-624,3360,-43,140,-16,172005,1540453724979
-16384,4160,-3456,-10304,-608,3456,-38,148,-24,172025,1540453724983
-16448,4096,-3712,-10272,-576,3392,-49,152,-24,172045,1540453725026
-16320,4096,-3456,-10240,-624,3392,-38,155,-36,172085,1540453725030
-16384,4032,-3712,-10288,-560,3360,-38,138,-26,172105,1540453725076
-16320,3904,-3584,-10304,-544,3392,-30,136,-18,172125,1540453725080
-16448,4032,-3584,-10288,-640,3392,-36,141,-19,172165,1540453725085
-16320,4032,-3712,-10320,-608,3408,-40,135,-29,172185,1540453725127
-16384,4032,-3712,-10240,-592,3376,-25,139,-27,172205,1540453725130
-16320,4032,-3776,-10288,-624,3360,-12,138,-32,172265,1540453725178
-16448,3904,-3840,-10320,-656,3440,-39,140,-24,172285,1540453725181
-16448,4032,-3648,-10320,-624,3360,-14,143,-25,172325,1540453725231
-16384,4032,-3648,-10304,-592,3360,-30,139,-25,172345,1540453725233
-16320,3968,-3840,-10240,-624,3360,-35,128,-22,172365,1540453725239
-16384,3904,-3904,-10256,-608,3392,-37,133,-44,172385,1540453725281
-16384,3968,-3712,-10272,-496,3408,-14,140,-48,172405,1540453725331
-16384,4032,-3712,-10272,-592,3456,-21,149,-23,172445,1540453725335
-16448,3968,-3776,-10240,-592,3360,-37,123,-22,172465,1540453725381
-16384,3968,-3456,-10288,-464,3424,-34,141,-35,172485,1540453725384
-16512,3968,-3776,-10256,-656,3392,-22,133,-25,172505,1540453725432
-16448,4224,-3584,-10256,-592,3408,-25,141,-30,172525,1540453725434
-16448,4032,-3712,-10272,-624,3392,-28,139,-32,172545,1540453725484
-16384,4096,-3712,-10288,-624,3408,-14,147,-38,172565,1540453725487
-16448,3840,-3712,-10256,-496,3408,-32,143,-44,172645,1540453725493
-16512,4096,-3712,-10272,-608,3376,-20,140,-29,172665,1540453725591
-16512,3968,-3648,-10272,-624,3392,-19,152,-34,172685,1540453725595
-16320,3904,-3840,-10208,-656,3392,-36,139,-27,172725,1540453725600
-16384,3904,-4032,-10256,-576,3392,-37,144,-28,172745,1540453725602
-16512,3968,-3648,-10272,-608,3424,-42,150,-18,172765,1540453725644
-16320,4096,-3648,-10304,-624,3376,-43,144,-31,172805,1540453725694
-16384,4032,-3776,-10240,-624,3376,-13,137,-31,172825,1540453725697
-16448,3904,-3776,-10272,-592,3360,-19,133,-35,172845,1540453725745
-16384,4032,-3776,-10288,-576,3376,-38,134,-13,172865,1540453725796
-16448,3968,-3776,-10272,-640,3408,-48,138,-24,172885,1540453725798
-16256,4032,-3712,-10256,-608,3392,-58,144,-7,172905,1540453725803
-16384,4032,-3840,-10304,-576,3376,-56,131,-12,172925,1540453725846
-16320,4096,-3712,-10240,-640,3408,-47,140,-11,172945,1540453725850
-16512,4096,-3840,-10240,-576,3376,-31,141,-28,172985,1540453725897
-16512,4032,-3648,-10288,-592,3360,-29,141,-31,173005,1540453725899
-16448,3904,-3712,-10240,-640,3376,-43,145,-22,173025,1540453725948
-16384,3904,-3584,-10256,-624,3376,-43,147,-19,173045,1540453725951
-16384,3968,-3840,-10240,-608,3408,-35,135,-19,173065,1540453726052
-16320,4032,-3840,-10240,-608,3360,-46,140,-44,173105,1540453726055
-16512,4032,-3776,-10256,-624,3392,-27,154,-42,173125,1540453726059
-16192,4032,-3776,-10272,-560,3376,-20,138,-34,173165,1540453726062
-16384,3968,-3712,-10256,-608,3440,-25,131,-34,173185,1540453726101
-16448,3840,-3712,-10224,-640,3408,-19,124,-37,173205,1540453726155
-16512,4096,-3584,-10256,-592,3376,-29,128,-36,173225,1540453726158
-16320,4032,-3776,-10272,-576,3392,-16,135,-38,173245,1540453726210
-16384,3968,-3712,-10288,-640,3408,-10,132,-42,173265,1540453726213
-16320,4096,-3648,-10240,-640,3392,-11,134,-45,173285,1540453726260
-16448,3904,-3776,-10208,-512,3392,-3,98,-49,173345,1540453726264
-16128,3840,-3840,-10208,-576,3408,-14,79,-65,173365,1540453726311
-16384,3968,-4096,-10208,-496,3360,-10,82,-56,173385,1540453726315
-16192,4096,-3904,-10272,-576,3376,5,67,-81,173405,1540453726319
-16512,3968,-3840,-10192,-576,3392,-4,86,-70,173445,1540453726363
-16640,4032,-3776,-10176,-560,3440,-8,97,-66,173465,1540453726414
-16640,3968,-3776,-10208,-576,3376,0,122,-51,173485,1540453726417
-16448,3648,-3904,-10176,-560,3344,-31,129,-33,173525,1540453726468
-16640,3456,-3712,-10176,-560,3376,-91,148,18,173565,1540453726520
-16576,3584,-3840,-10112,-432,3344,-106,144,38,173585,1540453726523
-16192,3776,-3648,-10176,-560,3392,-104,145,55,173605,1540453726572
-16384,3968,-3776,-10160,-592,3360,-110,114,91,173625,1540453726575
-16128,3968,-3968,-10192,-608,3344,-101,94,94,173645,1540453726626
-15936,3840,-3776,-10176,-640,3344,-127,47,60,173665,1540453726631
-16320,4096,-3328,-10144,-528,3360,-99,17,-20,173705,1540453726635
-16192,4288,-3776,-10128,-656,3376,-45,28,-58,173725,1540453726676
-15936,4352,-3904,-10096,-704,3376,-33,19,-66,173745,1540453726680
-16256,4032,-4544,-10096,-608,3344,-18,23,-33,173765,1540453726729
-16640,3776,-4736,-10048,-656,3392,-52,18,17,173805,1540453726732
-16512,3712,-4608,-10032,-624,3392,-65,41,-12,173825,1540453726779
-16640,3776,-4544,-10032,-624,3360,-81,55,-18,173845,1540453726783
-16576,3904,-4160,-10032,-656,3360,-131,112,20,173885,1540453726830
-16512,3840,-4352,-9984,-688,3344,-167,196,134,173925,1540453726833
-16448,3968,-4608,-10000,-672,3376,-201,207,158,173945,1540453726881
-16512,3840,-4608,-10032,-752,3376,-214,223,181,173985,1540453726884
-16640,3968,-4736,-10048,-768,3376,-203,216,145,174005,1540453726932
-16256,4224,-4672,-10032,-736,3360,-184,217,124,174025,1540453726983
-15936,4736,-4352,-10048,-752,3376,-108,185,67,174065,1540453726986
-15808,4928,-4288,-10032,-752,3424,-68,170,34,174085,1540453727033
-15936,4864,-4160,-10096,-768,3392,-34,184,22,174105,1540453727036
-15872,4992,-3904,-10096,-800,3408,-3,161,-12,174125,1540453727090
-15872,4608,-3840,-10080,-800,3392,45,174,-45,174165,1540453727142
-15936,4416,-4096,-10128,-768,3392,58,153,-26,174185,1540453727147
-16000,4288,-4224,-10064,-784,3376,41,134,-26,174205,1540453727249
-16256,4352,-4544,-10064,-800,3424,35,118,-46,174245,1540453727252
-15936,4672,-4224,-10048,-736,3360,121,121,-122,174305,1540453727256
-16128,4672,-4352,-10048,-608,3344,119,127,-126,174325,1540453727298
-16128,4608,-4288,-10016,-608,3344,122,111,-104,174345,1540453727348
-16192,4480,-4288,-10112,-576,3376,114,113,-101,174365,1540453727352
-16320,4480,-4416,-10032,-640,3376,89,106,-80,174385,1540453727357
-16384,4480,-4096,-10064,-608,3328,87,103,-100,174425,1540453727399
-16320,4416,-3840,-9952,-464,3376,108,121,-102,174445,1540453727401
-16000,4352,-3776,-10032,-576,3328,120,126,-123,174465,1540453727451
-16000,4160,-3584,-9984,-496,3312,130,116,-113,174485,1540453727453
-16128,4032,-3776,-10000,-528,3328,120,120,-97,174505,1540453727502
-16064,4096,-3776,-10032,-448,3328,87,109,-68,174525,1540453727554
-16192,3968,-4032,-10048,-512,3328,51,99,-50,174545,1540453727557
-16320,4160,-4096,-10032,-496,3344,44,107,-34,174565,1540453727561
-16384,4480,-4352,-9936,-480,3344,2,85,9,174605,1540453727605
-16256,4608,-4288,-9936,-448,3264,30,107,3,174625,1540453727608
-16320,4416,-4416,-9984,-448,3328,58,135,-77,174665,1540453727659
-16640,4160,-4416,-10000,-464,3328,31,151,-80,174685,1540453727663
-16704,3904,-4352,-10000,-400,3328,-12,161,-72,174705,1540453727712
-16704,3840,-4352,-10016,-432,3312,-72,194,-54,174725,1540453727714
-16512,4096,-4160,-9968,-448,3280,-187,252,63,174785,1540453727719
-16512,4352,-4224,-10064,-512,3360,-226,256,86,174805,1540453727763
-16320,4352,-4224,-10032,-528,3296,-225,257,100,174825,1540453727814
-16320,4288,-4160,-10096,-512,3312,-246,248,110,174845,1540453727816
-15872,4608,-3968,-10112,-608,3328,-184,206,37,174905,1540453727864
-15744,4864,-3776,-10064,-672,3344,-129,186,39,174925,1540453727866
-16128,5056,-3520,-10160,-656,3344,-36,154,14,174965,1540453727871
-15808,4480,-4160,-10112,-640,3360,-15,63,-46,175025,1540453727914
-16384,4416,-3776,-10080,-624,3344,-13,53,-56,175045,1540453727916
-16256,4480,-3712,-10112,-688,3344,-16,42,-69,175065,1540453727965
-15936,4736,-4032,-10064,-624,3328,-17,48,-67,175105,1540453728019
-16320,4544,-4160,-10080,-624,3312,-17,52,-33,175145,1540453728070
-16448,4544,-4288,-10016,-640,3312,-25,61,-32,175165,1540453728072
-16512,4480,-4416,-10032,-672,3344,-25,62,-40,175185,1540453728075
-16256,4288,-4608,-10032,-672,3312,-31,64,-69,175205,1540453728120
-16448,4288,-4672,-10000,-688,3360,-27,75,-56,175225,1540453728123
-16448,4160,-4480,-10000,-688,3312,-48,97,-63,175245,1540453728174
-16576,4224,-4544,-10000,-560,3328,-74,111,-28,175265,1540453728178
-16128,4544,-4480,-10000,-656,3328,-60,118,21,175325,1540453728227
-16128,4480,-4352,-9968,-672,3376,-56,108,-15,175345,1540453728231
-16256,4480,-4672,-9984,-672,3312,-61,106,-43,175365,1540453728278
-16064,4288,-4480,-9904,-672,3296,-72,91,-64,175385,1540453728330
-16064,4224,-4288,-9952,-656,3328,-93,78,-89,175405,1540453728334
-16320,4160,-4288,-9920,-528,3344,-101,73,-107,175425,1540453728381
-16320,4480,-4480,-9952,-720,3344,-95,84,-102,175445,1540453728433
-16128,4224,-4800,-9936,-672,3328,-104,94,-100,175465,1540453728435
-16128,4096,-4672,-9936,-752,3280,-129,172,-112,175505,1540453728442
-16896,4160,-4608,-9936,-752,3328,-127,140,22,175525,1540453728487
-15808,4160,-4416,-9888,-768,3312,-152,196,-21,175545,1540453728489
-16384,4160,-4480,-9936,-720,3312,-140,216,6,175585,1540453728540
-16256,4160,-4480,-10032,-800,3296,-131,223,-1,175605,1540453728544
-16064,4288,-4544,-10016,-848,3296,-134,226,1,175625,1540453728550
-16192,4224,-4352,-9920,-880,3296,-124,205,24,175645,1540453728592
-16192,4352,-3904,-10064,-896,3296,-73,250,-47,175685,1540453728597
-16768,4224,-3904,-10048,-864,3328,-49,291,-63,175705,1540453728697
-16448,4160,-4032,-10048,-864,3328,-59,299,-48,175725,1540453728700
-16576,3840,-3904,-10096,-864,3328,-61,317,-32,175745,1540453728747
-17024,3840,-3328,-10080,-816,3344,-95,358,-27,175765,1540453728751
-15808,4032,-4160,-10192,-944,3440,-187,275,40,175825,1540453728799
-16192,4608,-4416,-10288,-944,3408,-154,247,50,175865,1540453728802
-16256,4928,-4800,-10304,-992,3376,-74,284,5,175885,1540453728960
-15680,4800,-5440,-10256,-976,3360,-71,253,-24,175905,1540453728962
-14976,4544,-5504,-10288,-992,3408,-83,123,78,175925,1540453728966
-15552,4864,-5568,-10288,-976,3408,-86,82,78,175945,1540453728970
-15872,4928,-5248,-10288,-976,3360,-12,93,37,175965,1540453728972
-16576,4992,-4608,-10288,-976,3360,38,146,-3,175985,1540453728974
-16448,4736,-4480,-10272,-992,3360,47,106,37,176005,1540453729010
-16384,4224,-3520,-10256,-944,3360,-64,101,155,176085,1540453729061
-16640,4608,-3200,-10288,-896,3376,-66,88,211,176105,1540453729063
-17408,4608,-2752,-10176,-928,3376,-5,169,117,176125,1540453729068
-16768,4288,-2880,-10176,-912,3392,-2,206,38,176145,1540453729111
-15488,4032,-3520,-10224,-912,3328,-74,107,9,176185,1540453729162
-15616,4736,-3968,-10240,-976,3360,-77,19,40,176225,1540453729213
-16064,5120,-3776,-10144,-864,3344,-50,11,44,176245,1540453729215
-16128,5120,-3904,-10208,-928,3344,-15,37,17,176265,1540453729264
-16000,5248,-3904,-10128,-912,3344,11,44,3,176285,1540453729267
-15808,5376,-4288,-10192,-928,3344,37,16,-25,176305,1540453729271
-15680,5248,-4096,-10080,-800,3360,95,18,-99,176325,1540453729318
-15808,5312,-4288,-10112,-960,3344,116,30,-119,176345,1540453729375
-16000,4864,-4160,-10144,-896,3408,111,18,-138,176365,1540453729379
-16320,4672,-4352,-10096,-784,3328,76,39,-141,176405,1540453729382
-16704,4288,-4608,-10032,-848,3344,1,88,-68,176445,1540453729426
-16448,4352,-4928,-10048,-832,3360,-58,117,-32,176485,1540453729430
-16384,4352,-4672,-10064,-848,3360,-74,134,-32,176505,1540453729477
-16640,4928,-4416,-9968,-832,3344,-68,140,-62,176545,1540453729528
-16256,4736,-4480,-10016,-832,3312,-66,192,-41,176585,1540453729531
-16384,4608,-4032,-10032,-912,3328,-87,211,-20,176605,1540453729536
-16064,4480,-4224,-10048,-896,3328,-119,220,36,176645,1540453729580
-16000,4480,-4416,-10064,-896,3312,-136,211,52,176665,1540453729583
-16128,4544,-4288,-10096,-912,3344,-147,208,41,176685,1540453729634
-16192,4800,-4288,-10096,-960,3296,-131,212,16,176705,1540453729636
-16064,4864,-4032,-10096,-944,3344,-109,205,-8,176725,1540453729692
-15872,4736,-4288,-10112,-928,3344,-53,198,-71,176765,1540453729697
-15872,4736,-4288,-10160,-992,3376,-44,156,-147,176805,1540453729703
-16064,4672,-4224,-10144,-992,3392,-42,139,-171,176825,1540453729746
-15936,4608,-4032,-10176,-960,3392,-17,148,-221,176845,1540453729749
-16064,4480,-4032,-10112,-928,3360,-9,141,-240,176865,1540453729796
-16128,4544,-4096,-10112,-976,3360,-13,133,-262,176885,1540453729846
-15936,4416,-3968,-10144,-960,3312,-13,122,-268,176905,1540453729848
-16320,4352,-4288,-10160,-1008,3328,-24,145,-220,176945,1540453729853
-16768,3840,-4544,-10144,-976,3344,-25,191,-165,176985,1540453729899
-16832,3584,-4352,-10112,-976,3360,-63,218,-127,177025,1540453729902
-16640,3648,-4224,-10128,-1040,3376,-72,237,-107,177045,1540453729951
-16384,3712,-4032,-10176,-944,3344,-87,207,-76,177065,1540453730004
-16384,3776,-4160,-10176,-1008,3360,-58,189,-67,177125,1540453730008
-16320,3712,-3904,-10208,-944,3312,-69,186,-63,177145,1540453730110
-16576,3840,-4288,-10192,-1056,3328,-78,185,-54,177165,1540453730112
-16384,3968,-4096,-10192,-1040,3328,-73,182,-34,177185,1540453730160
-16512,3840,-3968,-10192,-1024,3344,-57,181,-28,177205,1540453730163
-16512,3648,-4096,-10208,-1008,3360,-55,218,-18,177225,1540453730168
-16576,3456,-3712,-10320,-1040,3360,-113,236,58,177265,1540453730210
-16448,3648,-3648,-10272,-944,3376,-130,229,74,177305,1540453730262
-16256,3840,-3584,-10336,-1104,3392,-116,211,74,177325,1540453730265
-16320,4032,-3584,-10336,-1088,3360,-101,214,71,177345,1540453730312
-16256,3904,-3648,-10336,-1072,3360,-108,201,70,177365,1540453730315
-16256,3904,-3968,-10320,-1120,3392,-94,190,55,177385,1540453730363
-16320,4032,-3904,-10336,-1136,3392,-89,176,59,177405,1540453730366
-16128,4032,-3904,-10368,-1024,3424,-62,163,55,177425,1540453730370
-16192,4032,-3776,-10304,-1136,3408,-69,148,33,177445,1540453730413
-16448,4096,-3840,-10368,-1088,3408,-43,157,30,177485,1540453730416
-16320,4160,-3648,-10352,-1136,3344,-41,152,16,177505,1540453730464
-16320,4160,-3776,-10336,-1088,3392,-25,142,12,177525,1540453730466
-16384,4160,-3712,-10368,-1104,3456,-8,154,9,177545,1540453730514
-16512,3968,-3520,-10352,-1120,3408,-16,169,11,177585,1540453730517
-16448,4096,-3648,-10368,-1088,3408,-103,170,91,177605,1540453730566
-17280,4608,-2944,-10384,-1104,3392,-114,212,242,177625,1540453730568
-18688,5696,-3584,-10384,-1120,3424,-73,245,225,177665,1540453730574
-16256,5248,-5184,-10384,-1168,3392,-195,-161,71,177685,1540453730617
-15424,4992,-4032,-10352,-1152,3472,-365,-180,178,177705,1540453730619
-16768,5184,-4736,-10176,-1264,3392,-332,-625,337,177745,1540453730668
-16192,4416,-4672,-10096,-1312,3392,-348,-379,426,177765,1540453730671
-15104,2496,-4032,-9856,-1424,3392,-439,-316,-196,177805,1540453730720
-17728,5568,-4800,-9360,-2000,3408,-1771,-1196,1043,177885,1540453730723
-8064,4416,-7872,-9216,-2176,3456,-1674,-2107,1158,177905,1540453730728
-15872,4672,-10880,-8864,-2496,3472,-903,-1299,904,177925,1540453730771
-10432,7744,-10112,-8688,-2624,3504,-388,-238,363,177945,1540453730775
-13632,5888,-11072,-8736,-2656,3536,-1674,-657,-598,177965,1540453730820
-12800,6016,-9984,-8512,-2864,3552,-1418,-561,-391,177985,1540453730824
-17664,9728,-10048,-8224,-3232,3728,-900,-1221,-1450,178025,1540453730875
-13760,4160,-9600,-7840,-3440,3856,-524,-640,-888,178065,1540453730879
-16640,1856,-10880,-7664,-3408,3936,-686,-411,-2,178085,1540453730927
-9280,512,-10112,-7584,-3568,3952,377,-393,-527,178105,1540453730930
-11904,3712,-11200,-7376,-3520,3984,950,-774,-1008,178125,1540453730979
-11392,128,-12224,-7296,-3472,4080,15,-959,-45,178145,1540453730981
-12288,-128,-9472,-7136,-3440,4080,-254,763,-99,178165,1540453731029
-11776,128,-9792,-7232,-3472,4096,-1080,1258,94,178205,1540453731032
-12800,1152,-10624,-7264,-3728,4080,-1098,1577,279,178225,1540453731081
-12416,640,-8896,-7568,-3952,4096,-1085,1438,254,178245,1540453731083
-13440,-448,-7808,-7664,-4096,4080,-785,879,330,178265,1540453731130
-13568,-896,-6976,-7824,-4176,4112,-1023,-73,669,178285,1540453731133
-14656,-896,128,-7840,-4288,4176,-499,3216,2739,178305,1540453731136
-18304,1600,-6784,-8368,-4528,4160,-2414,-341,1940,178325,1540453731183
-14144,3008,-5376,-8416,-4752,4288,-3602,1871,4985,178345,1540453731234
-16128,3776,-10176,-9648,-5584,4896,-2826,903,3866,178385,1540453731236
-14656,6464,64,-10352,-5840,5296,-1505,1043,2714,178405,1540453731287
-14656,6976,-6016,-10624,-5856,5456,1167,5291,2387,178425,1540453731289
-9280,6336,-1344,-11600,-5728,5824,-3592,2083,881,178445,1540453731292
-18432,2432,-5632,-11632,-5888,5760,-2260,2657,1691,178465,1540453731337
-15616,9728,-9984,-11920,-5872,6160,318,-1627,-118,178485,1540453731340
-16960,10368,-9344,-11808,-5824,6016,446,-1377,428,178505,1540453731386
-15232,9984,-10432,-11696,-5776,5824,524,-2565,-619,178525,1540453731390
-14528,10304,-9472,-11168,-5680,5488,1934,-90,-94,178565,1540453731437
-13504,9472,-7872,-11136,-5600,5376,2327,200,636,178585,1540453731439
-13888,9472,-5696,-11168,-5216,5088,1896,1716,1157,178605,1540453731488
-13184,1728,-13120,-11344,-5024,5008,1035,2856,-2717,178625,1540453731490
-16768,-256,-5440,-11392,-4944,5040,86,1114,-2441,178645,1540453731496
-14720,6528,-10048,-11312,-5088,5040,-680,-1465,160,178665,1540453731545
-14016,4992,-5056,-11072,-5152,5040,-232,-1053,433,178685,1540453731548
-14080,8192,-5824,-10976,-5232,5008,103,576,195,178705,1540453731593
-13056,7040,-8896,-11168,-5024,4992,715,1467,-245,178745,1540453731597
-14592,8000,-7744,-11200,-4928,4784,990,1465,-299,178785,1540453731648
-14400,7680,-6976,-11232,-4864,4672,1209,1595,-316,178805,1540453731651
-15616,6912,-5248,-11264,-4768,4464,985,966,-116,178825,1540453731655
-17600,4736,-1792,-11232,-4768,4448,629,563,-232,178845,1540453731701
-16512,5696,-2816,-11136,-4832,4400,526,219,-288,178865,1540453731703
-18944,5184,-8000,-11008,-4864,4448,1054,-602,236,178885,1540453731754
-15168,7360,-4544,-10208,-5168,4480,164,-1355,182,178925,1540453731756
-15680,3392,-5120,-9568,-5360,4752,918,-662,209,178945,1540453731806
-13632,6400,-2240,-9280,-5504,4832,805,-210,-141,178965,1540453731809
-13056,6592,-3200,-8752,-5488,4688,970,243,-268,178985,1540453731815
-16256,7296,-7104,-7760,-5728,4560,1533,401,-143,179025,1540453731854
-15808,8832,-4800,-7232,-5952,4704,1153,118,-394,179045,1540453731857
-14144,7744,-3456,-5872,-6592,5104,1055,-5,-470,179065,1540453731908
-10752,9088,4416,-2592,-7904,6272,152,-829,-456,179105,1540453731910
-16832,6528,-1728,-1264,-8240,6656,-190,-1022,-426,179125,1540453731959
-15040,5952,-1920,400,-8800,8016,-6,-505,-332,179145,1540453731963
-15104,6208,-2880,640,-9184,8400,161,32,-263,179165,1540453731967
-15872,6208,-3392,992,-9264,8656,61,-229,-165,179185,1540453732011
-15488,7168,-3392,1200,-9376,8784,109,-219,-238,179205,1540453732014
-15616,7168,-3712,1808,-9440,9088,120,-570,-304,179225,1540453732064
-14336,6720,-3968,2208,-9456,9232,307,-749,-107,179245,1540453732066
-16256,7744,-5312,4160,-9856,10256,137,-506,-506,179285,1540453732117
-16192,6912,-4864,6112,-10000,11120,77,65,-702,179305,1540453732120
-16000,7616,-4672,6992,-9904,11632,-47,127,-865,179325,1540453732124
-15808,8256,-4608,9376,-9536,12512,207,-45,-806,179345,1540453732169
-16064,5120,-5248,10640,-9200,12416,65,45,-750,179365,1540453732174
-16576,5824,-5056,12320,-8576,12320,-17,65,-871,179385,1540453732220
-10112,-3008,-4544,12896,-8304,12496,124,215,-723,179405,1540453732225
-15040,6528,-5632,14032,-7920,13440,396,222,-600,179425,1540453732269
-15872,5184,-5760,16032,-7856,15840,349,150,-770,179465,1540453732272
-14976,4288,-4928,16560,-7712,16608,287,407,-805,179485,1540453732318
-15680,4608,-4608,17264,-7296,18304,358,267,-520,179505,1540453732322
-16128,4608,-4160,17648,-7056,19056,360,168,-138,179525,1540453732325
-16448,4480,-4864,18384,-6736,19888,511,256,-61,179545,1540453732371
-15040,4288,-5312,18640,-6688,20128,584,539,-65,179565,1540453732375
-14720,3904,-3712,18800,-6688,20544,461,331,36,179585,1540453732421
-19200,3840,-256,19232,-7168,20448,-107,912,241,179605,1540453732424
-18944,3840,-1280,19504,-8256,20464,86,407,384,179645,1540453732471
-17920,4800,-2496,19264,-8320,20496,130,180,402,179665,1540453732473
-15808,5184,-3712,19152,-8192,20144,333,433,240,179685,1540453732521
-14720,5824,-3136,18768,-8448,19936,233,611,85,179705,1540453732525
-15168,5184,-2816,18240,-9088,19056,217,614,27,179725,1540453732527
-15424,5248,-3328,17984,-9488,18480,238,371,35,179745,1540453732572
-16192,4608,-2048,17808,-9920,17968,201,329,87,179765,1540453732574
-16256,4736,-2240,17568,-9728,17664,162,136,190,179785,1540453732622
-12480,5440,-3072,14096,-9968,18368,140,243,-85,179825,1540453732625
-16384,5248,-2688,13632,-9984,18144,129,227,-115,179845,1540453732675
-16576,5056,-2176,13568,-9888,17984,96,258,-100,179865,1540453732679
-16384,4800,-2112,13248,-9648,17616,33,61,47,179885,1540453732725
-16000,5312,-1920,12560,-9648,17584,-18,133,2,179905,1540453732728
-15104,5952,-2880,11472,-9392,17488,-31,137,-75,179925,1540453732733
-15744,5888,-2880,11232,-9360,17456,-14,66,-29,179945,1540453732778
-15296,5888,-2560,11040,-9168,17344,-56,33,-21,179965,1540453732781
-15488,5568,-2368,10832,-9328,17296,-99,86,-146,180005,1540453732826
-15488,5184,-2496,10816,-9360,17264,-118,85,-197,180025,1540453732831
-15488,5184,-2752,10720,-9264,17136,-116,158,-241,180045,1540453732881
-15936,5120,-2944,10608,-9312,17136,-73,177,-245,180065,1540453732932
-16192,5184,-2944,10416,-9280,17216,-62,130,-233,180085,1540453732936
-16128,4928,-2688,10272,-9360,17312,-61,145,-169,180105,1540453732941
-16064,4992,-2560,10096,-9424,17328,-68,78,-122,180125,1540453732983
-15808,4864,-2624,10032,-9472,17424,-99,49,-54,180145,1540453732988
-15744,4928,-2752,9696,-9408,17232,-95,106,-148,180185,1540453733032
-15488,4544,-3136,9376,-9456,17040,-98,104,-170,180205,1540453733085
-15488,4352,-3008,9168,-9488,17072,-162,-29,-95,180225,1540453733091
-16128,4096,-3072,9008,-9568,17184,-280,-200,40,180245,1540453733093
-16384,4160,-2816,9024,-9728,17312,-308,-246,116,180265,1540453733135
-16768,4608,-3392,9056,-9808,17248,-206,-154,107,180285,1540453733139
-16832,4992,-3840,9152,-9840,17104,-137,-72,-12,180305,1540453733185
-16896,4864,-3904,9120,-9808,16896,-81,65,-122,180325,1540453733189
-17600,5056,-3648,8752,-9792,16816,-18,250,-162,180365,1540453733236
-17600,5312,-3840,8640,-9696,16752,9,276,-131,180385,1540453733239
-16960,5184,-3712,8304,-9616,16400,46,336,-118,180405,1540453733286
-16704,5248,-3840,8080,-9440,16336,44,172,-7,180425,1540453733289
-16448,4928,-3776,7408,-9328,16176,70,237,-72,180445,1540453733293
-15104,4672,-3392,7120,-9280,16224,55,201,-69,180465,1540453733340
-16128,4608,-3264,6816,-9296,16224,7,149,-69,180485,1540453733342
-16064,4416,-3200,6672,-9216,16272,-22,170,-87,180505,1540453733389
-16576,4416,-3328,6416,-9312,16368,-38,77,40,180545,1540453733393
-16448,4544,-3456,6288,-9344,16352,-38,51,57,180565,1540453733444
-16000,4544,-3328,6144,-9328,16320,-43,103,12,180585,1540453733448
-15680,4416,-3200,6080,-9408,16272,-46,116,0,180605,1540453733451
-16064,4160,-3072,6016,-9376,16352,-69,134,5,180625,1540453733496
-16064,4352,-3136,5920,-9456,16384,-84,107,59,180645,1540453733498
-16064,4736,-3520,5408,-9536,16336,-128,96,65,180685,1540453733547
-16256,4864,-3648,5216,-9648,16320,-155,64,71,180725,1540453733550
-16320,4800,-3584,5264,-9776,16384,-156,53,63,180745,1540453733596
-16256,4800,-3520,5232,-9824,16416,-160,97,21,180765,1540453733601
-16704,4736,-3776,5216,-9904,16528,-154,104,-2,180785,1540453733651
-16640,4736,-3776,5184,-10000,16640,-118,91,-15,180805,1540453733654
-16512,4672,-3328,5216,-9968,16784,-82,105,-10,180825,1540453733658
-16320,4992,-3392,5216,-10032,16688,-8,210,-39,180865,1540453733703
-16000,4800,-3584,4688,-9920,16608,6,152,15,180905,1540453733705
-16512,5056,-3904,4480,-9920,16528,-5,168,26,180925,1540453733756
-15936,5056,-3904,4464,-9920,16576,-28,118,37,180945,1540453733759
-15936,5120,-3904,4528,-9984,16640,-51,71,27,180965,1540453733808
-16000,5120,-3648,4752,-10128,16832,-61,65,10,180985,1540453733813
-16000,5248,-3776,4784,-10224,17024,-44,90,11,181005,1540453733817
-16128,5376,-3328,4944,-10224,17264,-46,100,37,181025,1540453733860
-15936,5440,-3328,4976,-10464,17376,-58,52,71,181045,1540453733862
-15168,5312,-3456,5088,-10592,17456,-22,43,-21,181085,1540453733913
-15104,5248,-3776,5136,-10656,17616,11,177,-134,181105,1540453733965
-15808,4992,-3776,5040,-10736,17792,27,218,-182,181125,1540453733967
-16640,4864,-3968,4944,-10848,18336,24,195,-162,181145,1540453733971
-17344,4736,-4032,4864,-11024,18576,34,232,-173,181165,1540453734016
-17216,4736,-3712,4704,-11136,18976,40,283,-155,181185,1540453734019
-16832,4416,-3584,4576,-11120,19072,41,295,-145,181205,1540453734067
-16384,4416,-3392,4352,-10912,18896,22,315,-146,181225,1540453734070
-16192,4736,-3392,3696,-10688,18752,12,260,-137,181265,1540453734120
-14656,4800,-3456,3264,-10624,18800,20,264,-170,181285,1540453734122
-16128,4736,-3584,2816,-10576,18960,-27,214,-106,181305,1540453734125
-15744,4608,-3328,2736,-10544,19056,-62,133,-40,181325,1540453734170
-16256,4736,-3520,2624,-10640,19216,-74,102,-3,181345,1540453734173
-16576,4864,-3072,2672,-10704,19360,-55,118,-19,181365,1540453734221
-16448,4864,-3456,2656,-10704,19424,-44,134,-6,181385,1540453734224
-16512,4800,-3456,2640,-10720,19456,-47,120,9,181405,1540453734277
-16000,4864,-3264,2576,-10656,19344,-57,149,5,181445,1540453734279
-16000,4864,-3520,2512,-10752,19392,-69,115,9,181465,1540453734331
-16064,4736,-3520,2528,-10816,19472,-79,100,18,181485,1540453734333
-16192,4928,-3712,2512,-10896,19552,-73,87,24,181505,1540453734337
-16384,4736,-3584,2448,-10912,19680,-65,105,7,181525,1540453734380
-16576,4544,-3520,2432,-11088,19856,-58,127,-6,181545,1540453734383
-17152,4608,-3392,2448,-11104,19968,-33,175,-16,181565,1540453734431
-17152,4544,-3456,2432,-11168,19936,-25,204,9,181585,1540453734434
-16576,4544,-3456,2320,-10976,19472,46,11,150,181625,1540453734482
-15424,4608,-3136,1824,-10832,19056,44,265,-20,181645,1540453734485
-16256,4608,-3264,1696,-10752,18944,29,200,-13,181665,1540453734488
-15936,4736,-3200,1360,-10640,18720,12,172,-31,181685,1540453734532
-15680,5120,-3264,1088,-10368,18208,7,108,14,181725,1540453734534
-15360,5440,-3328,960,-10320,18096,29,142,-28,181745,1540453734583
-15808,5056,-3136,832,-10304,18016,51,160,-81,181765,1540453734585
-16192,4608,-3072,704,-10208,18176,28,190,-71,181805,1540453734633
-16384,4672,-3328,496,-10272,18192,3,183,-34,181825,1540453734686
-16256,4672,-3200,432,-10176,18176,-44,112,13,181845,1540453734689
-16704,4480,-3456,256,-10224,18208,-73,138,-12,181865,1540453734692
-16128,4800,-3328,288,-10304,18272,-71,133,-10,181885,1540453734736
-16448,5184,-3520,240,-10368,18352,-23,142,18,181905,1540453734738
-16128,5376,-3712,240,-10432,18416,-3,101,28,181925,1540453734787
-15936,5248,-3200,176,-10480,18592,0,103,3,181945,1540453734790
-16128,5056,-3264,208,-10592,18864,42,210,-63,181985,1540453734837
-16768,4928,-3136,96,-10640,18992,46,243,-51,182005,1540453734839
-17152,4864,-3200,-32,-10784,19024,42,256,-16,182025,1540453734891
-17280,4736,-3072,-112,-10656,18928,26,226,37,182045,1540453734893
-16960,4800,-3456,-144,-10624,18848,2,177,103,182065,1540453734895
-16064,4736,-3072,-112,-10624,18624,-25,150,108,182085,1540453734946
-15168,4544,-2880,-160,-10592,18528,-18,160,135,182105,1540453734949
-15104,4800,-2816,-144,-10688,18480,-71,84,175,182125,1540453734997
-15808,4864,-3008,-112,-11024,18480,-156,-87,179,182165,1540453734999
-16192,5184,-3264,0,-11104,18432,-173,-26,104,182185,1540453735047
-16448,5248,-3264,256,-11264,18336,-152,36,23,182205,1540453735049
-16512,5120,-3712,384,-11360,18464,-137,42,-5,182225,1540453735053
-16384,4992,-3712,448,-11504,18512,-134,70,3,182245,1540453735098
-16640,5120,-3712,480,-11536,18624,-118,79,-5,182265,1540453735100
-16384,5120,-3584,704,-11632,18656,-99,103,-7,182285,1540453735150
-16064,4864,-3328,912,-11664,18656,-76,149,-52,182305,1540453735152
-15424,4672,-3200,928,-11552,18544,-74,192,-114,182345,1540453735203
-15232,4928,-3136,864,-11392,18432,-120,170,-118,182365,1540453735205
-14848,5120,-3200,912,-11344,18368,-160,123,-125,182385,1540453735209
-15296,5440,-3392,736,-11232,18288,-188,96,-143,182405,1540453735254
-15808,5952,-3904,736,-11232,18320,-179,50,-122,182425,1540453735257
-17088,6016,-3776,688,-11232,18688,-163,41,-64,182465,1540453735307
-17088,6016,-4416,688,-11344,18768,-106,86,-77,182485,1540453735312
-16704,5632,-4096,608,-11312,18864,-14,101,-29,182525,1540453735359
-16192,5440,-3712,608,-11440,18832,19,118,-72,182545,1540453735363
-16000,5312,-3520,512,-11360,18928,64,207,-150,182565,1540453735368
-16192,5184,-3776,432,-11264,18832,126,282,-210,182585,1540453735414
-16256,5184,-3648,272,-11152,18784,144,305,-214,182605,1540453735417
-16320,4864,-3712,192,-11040,18576,136,298,-165,182625,1540453735464
-16000,4672,-3776,96,-10928,18496,120,277,-122,182645,1540453735467
-15936,4352,-3776,96,-10608,18176,95,243,-116,182665,1540453735515
-15936,4288,-3520,48,-10544,17984,49,247,-123,182705,1540453735519
-15936,4288,-3584,-32,-10464,17888,50,253,-100,182725,1540453735521
-16064,4288,-3648,-128,-10400,17808,32,225,-93,182745,1540453735565
-16128,4160,-3456,-224,-10432,17952,-11,189,-77,182765,1540453735568
-16192,4096,-3456,-368,-10352,17936,-37,203,-25,182785,1540453735615
-16512,4160,-3136,-512,-10432,18016,-91,164,30,182805,1540453735618
-16192,4032,-3136,-640,-10448,17840,-128,136,46,182825,1540453735666
-15744,4224,-3008,-736,-10480,17888,-104,142,40,182845,1540453735669
-15424,5248,-2560,-992,-10688,18128,-99,153,32,182885,1540453735718
-16704,4608,-3328,-1120,-10752,18272,-47,340,-43,182905,1540453735721
-16064,5056,-2944,-1312,-10928,18512,-39,339,-67,182925,1540453735727
-16768,4544,-2688,-1744,-11024,18688,-95,325,-82,182945,1540453735824
-16896,4608,-2560,-1856,-11040,18656,-178,178,-26,182965,1540453735877
-16768,4416,-2816,-2016,-10720,18032,-148,151,7,182985,1540453735881
-16640,4800,-3264,-1904,-10640,17664,-165,112,26,183005,1540453735886
-16384,4864,-3328,-1760,-10512,17200,-134,163,1,183025,1540453735928
-16256,4800,-2752,-1712,-10720,17328,-88,192,-56,183065,1540453735979
-16384,4736,-2752,-1632,-10656,17376,-127,143,-25,183085,1540453735981
-16128,4672,-2496,-1616,-10672,17232,-156,66,-20,183105,1540453736034
-15744,4672,-2944,-1648,-10544,17008,-146,80,-81,183125,1540453736083
-15616,4352,-2816,-1664,-10368,16704,-109,126,-129,183145,1540453736085
-15936,4352,-3072,-1856,-10240,16656,-493,-491,21,183165,1540453736089
-15680,4928,-4224,-2464,-9664,15632,-471,-443,-13,183185,1540453736135
-16192,4800,-4992,-2736,-9376,15152,-480,-456,-4,183205,1540453736138
-18752,5120,-6336,-3120,-8736,14144,204,187,36,183245,1540453736188
-15168,4608,-2816,-3280,-9072,14544,203,939,-243,183265,1540453736191
-17600,4544,-4224,-3184,-9184,14704,161,351,-16,183285,1540453736242
-16128,4544,-1856,-3072,-9408,14912,-75,170,-37,183305,1540453736246
-16256,4544,-3392,-3104,-9296,14784,-119,71,12,183325,1540453736349
-15424,4032,-4096,-3344,-8928,14080,-34,246,-40,183345,1540453736352
-15744,4224,-2816,-3328,-8880,13824,-137,311,-134,183365,1540453736356
-16320,3328,-2368,-3328,-8928,14016,-319,280,-58,183385,1540453736397
-16064,4352,-4032,-3968,-8800,13728,-445,36,-73,183425,1540453736399
-16320,4288,-3968,-4112,-8640,13408,-352,65,-125,183445,1540453736449
-16576,2880,-4288,-4064,-8432,13216,-132,306,-185,183465,1540453736451
-17152,2816,-2048,-3888,-8320,13248,-346,175,-158,183485,1540453736500
-17472,3456,-3008,-4000,-8080,12960,-559,-27,107,183505,1540453736502
-14208,1856,-4352,-4656,-7696,11952,182,1145,122,183525,1540453736552
-16256,4416,-4096,-3776,-6448,9024,-414,-242,369,183605,1540453736554
-17216,4544,-5440,-4208,-6704,8656,418,-311,946,183645,1540453736558
-15808,4864,-3136,-4560,-6816,8640,650,1024,-188,183665,1540453736604
-14400,3392,1344,-5216,-6272,7376,-964,409,38,183685,1540453736607
-15424,5824,-1920,-5728,-5936,6720,-694,192,150,183705,1540453736658
-15040,3520,-576,-7200,-5072,5424,-1062,1005,-121,183745,1540453736712
-13888,256,640,-9328,-4304,4320,-2134,909,58,183785,1540453736715
-15616,448,-1856,-10352,-4304,4352,-2122,863,-1,183805,1540453736719
-13888,4096,-7488,-10976,-4624,4736,-1452,400,-61,183845,1540453736764
-11264,3904,-8256,-11152,-4704,4864,-1115,641,-308,183865,1540453736766
-12928,4800,-7872,-11264,-4768,4960,-873,546,-420,183885,1540453736814
-14400,5248,-8256,-11328,-4832,5120,-1007,-130,-192,183905,1540453736817
-15168,5440,-9664,-11328,-5040,5152,-530,-138,-248,183925,1540453736864
-16896,5952,-9216,-11248,-5056,5152,-249,-806,205,183965,1540453736867
-17600,5248,-8640,-11232,-5088,5184,-264,-561,104,183985,1540453736914
-15296,5696,-9280,-11200,-5056,5056,127,-35,8,184005,1540453736917
-16896,3136,-10368,-11216,-5056,5072,640,741,15,184025,1540453736965
-32640,4800,6592,-12592,-4800,5568,899,5459,1845,184085,1540453736968
-21184,10496,9088,-13008,-4624,5840,3318,4379,-119,184105,1540453737017
-1920,8576,1024,-13744,-3648,5888,713,1691,255,184165,1540453737019
-12224,3200,3968,-13984,-3600,6096,409,1267,237,184185,1540453737066
-15360,3840,7872,-14160,-3456,6192,213,808,423,184205,1540453737069
-19520,3264,13056,-14192,-3408,6272,-345,-234,869,184225,1540453737072
-12672,3584,12416,-14288,-3376,6240,-540,-228,334,184245,1540453737119
-13312,4864,7872,-14240,-3376,6256,-668,-499,-56,184265,1540453737121
-12736,4992,4480,-14176,-3376,6208,-675,-331,-294,184285,1540453737170
-12928,5888,3968,-14080,-3600,6128,-519,-103,-667,184325,1540453737172
-14208,3520,5760,-14000,-3632,6128,-562,-74,-607,184345,1540453737221
-15232,4160,7552,-14000,-3840,6144,-860,-804,-511,184365,1540453737223
-16064,5120,5760,-13856,-3856,6160,-864,-968,-423,184385,1540453737274
-16896,4224,4352,-13760,-4048,6128,-693,-1034,28,184405,1540453737278
-16896,4672,3904,-13712,-4096,5984,-612,-910,503,184425,1540453737282
-16000,4672,3584,-13520,-4032,5904,-266,-495,845,184465,1540453737325
-16384,4800,3456,-13600,-3920,5776,-150,-768,865,184505,1540453737329
-14912,5952,2944,-13568,-3808,5744,-117,-946,955,184525,1540453737378
-16128,5952,2304,-13520,-3680,5600,-129,-338,601,184545,1540453737381
-13888,5568,2688,-13520,-3616,5600,-654,244,-134,184565,1540453737427
-11840,7360,3968,-13472,-3616,5552,-440,-101,-383,184585,1540453737430
-16320,6208,2048,-13472,-3776,5616,-385,109,-130,184605,1540453737434
-15552,6528,384,-13440,-3872,5616,88,381,-213,184625,1540453737478
-14592,6720,256,-13392,-3824,5616,210,329,-371,184645,1540453737481
-15424,6464,2752,-13392,-3728,5616,59,687,-752,184705,1540453737532
-14272,5952,2304,-13376,-3920,5664,-100,649,-804,184725,1540453737534
-16640,5312,3648,-13376,-3984,5696,-579,236,-847,184745,1540453737584
-16704,4608,4224,-13376,-4128,5824,-716,199,-929,184765,1540453737587
-14656,5184,2048,-13248,-4256,5872,-790,184,-1116,184785,1540453737590
-15488,4736,768,-13232,-4496,5920,-636,300,-974,184805,1540453737635
-16512,4544,2048,-13184,-4656,5984,-361,168,-920,184825,1540453737638
-17600,4096,3712,-12960,-4720,6032,-378,91,-479,184865,1540453737687
-18624,3584,3008,-12944,-4944,6096,-426,158,-192,184885,1540453737689
-16192,3776,3136,-12928,-5024,6096,-408,202,-257,184905,1540453737737
-16064,3648,2816,-12960,-5056,6112,-406,43,-16,184925,1540453737739
-17472,3648,1984,-12896,-5120,6176,-476,-40,367,184945,1540453737793
-16512,3072,1536,-12864,-5136,6240,-392,269,538,184965,1540453737796
-16896,2816,1664,-13008,-4976,6224,-420,147,710,184985,1540453737799
-17216,4096,1600,-13008,-5008,6256,-393,227,558,185005,1540453737846
-15488,4480,2048,-13152,-4992,6336,-354,-19,-145,185045,1540453737849
-16640,4544,320,-13136,-5056,6320,-100,213,107,185065,1540453737895
-16640,4992,128,-13072,-4992,6352,203,558,250,185085,1540453737898
-15232,4416,1024,-13136,-4960,6384,229,347,133,185105,1540453737948
-14912,4544,2112,-13200,-4960,6336,112,89,-53,185125,1540453737951
-14208,4608,832,-13152,-4960,6352,90,-257,-261,185145,1540453737955
-16576,5440,3712,-13152,-4944,6320,-50,-378,-284,185165,1540453738001
-19328,5056,4032,-13120,-5008,6272,-283,-184,65,185185,1540453738005
-14016,3648,192,-13104,-5008,6240,-219,256,-173,185225,1540453738054
-14080,3840,1536,-13040,-5008,6336,-350,23,-460,185245,1540453738057
-16000,3456,1280,-13008,-5088,6352,-451,-201,-449,185265,1540453738104
-16960,4864,1472,-13024,-5136,6320,-528,-264,-417,185285,1540453738106
-16960,5184,2176,-12880,-5232,6336,-625,-283,-310,185305,1540453738110
-18176,4672,1472,-12832,-5328,6416,-784,99,-210,185325,1540453738155
-17920,4800,2304,-12736,-5440,6496,-1013,234,-663,185345,1540453738157
-16384,3712,4544,-12688,-5584,6624,-1191,503,-1671,185365,1540453738209
-17664,320,-1408,-12432,-5776,6624,142,-587,-215,185405,1540453738212
-17920,192,-768,-12352,-5792,6592,97,-509,-2,185425,1540453738258
-16192,1728,1792,-12272,-5840,6464,188,-864,-319,185445,1540453738262
-16320,2880,384,-12208,-5840,6416,17,-14,-1017,185465,1540453738265
-11712,4608,3520,-11984,-5920,6400,-330,-32,-606,185485,1540453738310
-19968,1408,-1536,-11952,-5888,6448,-228,-253,265,185505,1540453738314
-15040,1728,768,-11920,-5840,6416,-72,77,-58,185525,1540453738361
-17280,1664,-1024,-11840,-5968,6400,-73,-193,-323,185545,1540453738363
-15936,1600,-704,-11760,-5984,6368,260,-326,-741,185585,1540453738413
-15040,2240,-704,-11552,-5952,6256,222,-349,-1050,185605,1540453738415
-16512,896,-1536,-11488,-6064,6272,390,-371,-621,185625,1540453738464
-18048,576,-1792,-11248,-5984,6176,295,-594,-513,185645,1540453738467
-17600,960,-1408,-11232,-6032,6160,307,-482,-701,185665,1540453738470
-18496,-256,-3264,-11024,-5952,6000,527,-577,-921,185685,1540453738517
-18496,-640,-2432,-10928,-6048,6016,703,75,-882,185705,1540453738519
-17664,64,-2496,-10816,-5872,5856,439,-25,-405,185725,1540453738567
-16640,576,-4032,-10656,-5760,5728,709,203,-131,185765,1540453738570
-16448,64,-2944,-10736,-5872,5680,1031,502,-397,185785,1540453738620
-15488,-576,-3456,-10784,-5792,5584,1275,768,-340,185805,1540453738623
-16128,0,-2624,-10752,-5632,5552,1170,602,-304,185825,1540453738626
-18752,-576,-1536,-10768,-5536,5328,1054,-218,-123,185845,1540453738671
-18112,-768,-1792,-10784,-5472,5280,792,-440,-90,185865,1540453738673
-17344,-512,-1984,-10608,-5264,5120,908,-740,53,185885,1540453738722
-17792,-1600,-2240,-10592,-5232,5056,1222,-1561,-49,185905,1540453738727
-17728,-1024,-3968,-10208,-5008,4752,1739,-1958,-11,185945,1540453738775
-16832,-768,-5248,-9808,-4720,4496,2024,-1292,-19,185965,1540453738779
-15232,-576,-5312,-9696,-4512,4368,1987,-680,-112,185985,1540453738826
-14208,-448,-6848,-9536,-4176,4144,1953,-373,-219,186005,1540453738829
-13760,512,-6336,-9504,-4032,4128,1588,-231,-663,186025,1540453738833
-13184,1536,-6784,-9376,-3776,3952,1271,59,-816,186045,1540453738878
-15744,576,-6272,-9360,-3600,3888,1137,283,-626,186065,1540453738881
-14464,0,-5824,-9312,-3408,3760,916,377,-431,186085,1540453738929
-15872,768,-6336,-9408,-3104,3680,1002,297,80,186125,1540453738932
-16064,896,-5952,-9424,-3056,3664,903,400,-144,186145,1540453738980
-17088,960,-5184,-9392,-2832,3552,686,385,-35,186165,1540453738983
-16960,640,-5248,-9488,-2752,3600,489,312,82,186185,1540453738987
-16704,640,-5312,-9520,-2592,3568,324,241,28,186205,1540453739030
-16832,640,-5312,-9504,-2592,3568,239,134,122,186225,1540453739034
-16896,384,-5376,-9536,-2608,3520,161,-5,176,186245,1540453739082
-16320,832,-5248,-9488,-2528,3520,67,102,47,186265,1540453739085
-16576,1344,-5504,-9520,-2544,3520,-88,50,66,186305,1540453739135
-16384,1408,-6016,-9504,-2576,3504,-49,93,32,186325,1540453739138
-16128,1664,-6528,-9488,-2576,3504,-53,110,8,186345,1540453739187
-16192,1920,-6208,-9504,-2576,3536,-78,162,-77,186365,1540453739189
-16064,1792,-6080,-9456,-2560,3520,-51,200,-177,186385,1540453739192
-16192,1472,-6208,-9504,-2528,3504,-70,221,-199,186405,1540453739239
-16576,1088,-5952,-9520,-2576,3520,-41,195,-168,186425,1540453739242
-16448,1152,-5824,-9552,-2576,3472,-70,227,-150,186445,1540453739292
-16384,1088,-6144,-9536,-2544,3504,-16,183,-120,186485,1540453739296
-16256,1024,-6208,-9536,-2560,3520,-27,183,-109,186505,1540453739343
-16448,960,-5952,-9536,-2560,3536,53,172,-92,186525,1540453739347
-16448,768,-6592,-9488,-2496,3504,114,170,-67,186545,1540453739351
-16256,768,-5504,-9504,-2512,3488,75,152,-71,186565,1540453739395
-16128,768,-5824,-9472,-2432,3488,51,148,-128,186585,1540453739397
-16000,640,-6144,-9568,-2464,3520,224,147,-162,186605,1540453739446
-15936,448,-5888,-9536,-2400,3424,297,133,-211,186625,1540453739449
-16192,1216,-5632,-9472,-2288,3424,376,71,-62,186665,1540453739498
-16320,960,-5376,-9504,-2320,3424,341,14,55,186685,1540453739501
-16448,960,-5632,-9472,-2192,3456,301,2,86,186705,1540453739505
-16128,1216,-5632,-9472,-2256,3440,193,60,5,186725,1540453739551
-16192,1088,-5568,-9408,-2096,3424,101,95,-59,186745,1540453739553
-16704,832,-6016,-9440,-2128,3392,109,122,-30,186765,1540453739601
-16448,1024,-5824,-9424,-2032,3424,-3,113,-37,186785,1540453739605
-16192,832,-5952,-9440,-2096,3408,24,119,-27,186805,1540453739654
-16320,768,-5952,-9440,-2112,3424,-10,124,-23,186845,1540453739657
-16320,896,-5952,-9440,-2032,3392,-40,129,-5,186865,1540453739710
-16384,960,-6144,-9408,-2128,3392,-22,153,-15,186885,1540453739713
-16256,1152,-5632,-9424,-2112,3392,-49,147,-11,186905,1540453739716
-16384,960,-6080,-9456,-2112,3424,3,124,18,186925,1540453739760
-16000,1088,-5696,-9424,-2128,3376,-33,122,-8,186945,1540453739763
-16448,1152,-6144,-9376,-2096,3440,14,125,-13,186965,1540453739812
-16384,1408,-6016,-9440,-2096,3360,-2,137,-17,186985,1540453739814
-16000,1472,-6208,-9472,-2096,3344,-1,135,-76,187025,1540453739863
-16000,1344,-6080,-9440,-2096,3360,-3,132,-74,187045,1540453739865
-16064,1088,-5824,-9408,-2080,3376,-9,139,-103,187065,1540453739915
-16256,1024,-6336,-9456,-2080,3408,44,140,-90,187085,1540453739918
-16448,832,-6336,-9424,-2048,3408,20,137,-61,187105,1540453739965
-16384,896,-5632,-9392,-2064,3408,-5,145,-64,187125,1540453739968
-16448,1024,-5888,-9408,-2000,3408,-2,182,-35,187145,1540453740020
-16576,1280,-5888,-9376,-2016,3360,-4,166,-41,187165,1540453740024
-16128,1024,-5760,-9392,-1968,3424,13,160,-25,187205,1540453740027
-16384,1024,-5888,-9440,-2048,3376,-29,179,-19,187225,1540453740070
-16384,896,-5696,-9472,-2016,3376,-28,211,-27,187245,1540453740073
-16576,1216,-5632,-9440,-2048,3408,-33,222,-37,187265,1540453740125
-16448,1344,-6208,-9456,-2064,3392,3,230,-52,187285,1540453740129
-16192,1152,-6080,-9456,-2016,3424,51,237,-84,187305,1540453740133
-16128,1344,-6080,-9456,-1984,3360,62,253,-143,187325,1540453740175
-16128,1152,-5696,-9504,-2000,3392,92,243,-127,187345,1540453740179
-16576,704,-5760,-9536,-1968,3408,41,194,-40,187385,1540453740229
-16384,704,-5376,-9504,-1904,3408,12,186,-34,187405,1540453740231
-16192,576,-5568,-9520,-1920,3408,-6,158,-26,187425,1540453740279
-15936,512,-5376,-9520,-1936,3440,-41,125,-25,187445,1540453740281
-16384,768,-5440,-9552,-1936,3392,-65,136,-11,187465,1540453740332
-16512,896,-5696,-9504,-1936,3376,-22,145,5,187485,1540453740335
-16576,1216,-5632,-9488,-1936,3408,-15,143,-12,187505,1540453740337
-16512,1280,-5888,-9456,-1808,3392,22,168,-5,187525,1540453740439
-16192,1024,-5824,-9440,-1856,3408,25,150,-21,187565,1540453740442
-16384,960,-5696,-9552,-1920,3392,9,158,-48,187585,1540453740445
-16192,960,-5440,-9520,-1952,3360,-20,151,-40,187605,1540453740449
-16448,832,-5568,-9552,-1872,3376,-18,152,-18,187625,1540453740491
-16320,832,-5504,-9552,-1936,3376,-25,139,-18,187665,1540453740495
-16320,1024,-5632,-9472,-1728,3392,-19,147,-16,187685,1540453740544
-16320,1024,-5504,-9552,-1872,3376,-19,136,-11,187705,1540453740547
-16448,1216,-5376,-9536,-1920,3392,0,153,-29,187745,1540453740594
-16512,1216,-5888,-9472,-1888,3360,44,163,-2,187765,1540453740597
-16320,1152,-5248,-9552,-1920,3376,-9,141,-15,187785,1540453740645
-16384,1408,-5504,-9552,-1792,3360,-39,138,-30,188855,1540453741126
-16448,1280,-5440,-9536,-1840,3424,-23,150,-42,188875,1540453741129
-16256,1344,-5440,-9568,-1808,3408,-27,131,-52,188895,1540453741132
-16320,1088,-5440,-9584,-1808,3392,-26,116,-33,188915,1540453741232
-16448,1216,-5568,-9520,-1840,3392,-32,112,-18,188935,1540453741235
-16512,1216,-5504,-9536,-1824,3408,-39,102,-23,188955,1540453741239
-16448,1088,-5440,-9536,-1792,3376,-27,93,-29,188975,1540453741244
-16128,1216,-5504,-9536,-1824,3344,-30,86,-60,188995,1540453741247
-16832,1088,-5568,-9568,-1776,3344,-21,103,-27,189015,1540453741250
-16640,1088,-5568,-9456,-1712,3392,-25,140,-22,189035,1540453741282
-16576,960,-5568,-9552,-1712,3360,-44,133,-3,189055,1540453741286
-16384,1216,-5632,-9568,-1696,3376,-22,144,-1,189075,1540453741336
-16640,960,-5440,-9552,-1776,3360,-27,172,-10,189095,1540453741338
-16640,768,-5056,-9584,-1536,3328,-90,138,65,189115,1540453741386
-16128,1152,-5696,-9616,-1728,3344,-85,139,96,189135,1540453741388
-16128,1472,-5760,-9584,-1776,3360,-80,144,87,189155,1540453741391
-16384,1344,-5568,-9568,-1760,3344,-79,148,77,189175,1540453741439
-16512,1152,-5568,-9648,-1792,3440,-83,156,84,189195,1540453741442
-16576,1408,-5696,-9600,-1776,3360,-78,163,81,189215,1540453741494
-16320,1408,-5632,-9600,-1776,3344,-83,154,50,189235,1540453741497
-16064,1472,-5568,-9616,-1824,3392,-59,160,32,189255,1540453741500
-16064,1472,-5440,-9616,-1712,3392,-60,135,36,189275,1540453741545
-16128,1536,-5440,-9616,-1792,3376,-63,125,15,189295,1540453741548
-16384,1472,-5504,-9600,-1840,3456,-64,136,28,189315,1540453741552
-16512,1600,-5504,-9616,-1792,3344,-71,141,29,189335,1540453741598
-16320,1664,-5568,-9632,-1840,3408,-62,116,31,189355,1540453741601
-16320,1664,-5632,-9648,-1840,3376,-84,126,35,189375,1540453741648
-16256,1856,-5568,-9648,-1792,3360,-49,128,44,189395,1540453741651
-16512,1856,-5760,-9648,-1792,3424,-52,135,11,189415,1540453741656
-16128,1728,-5312,-9680,-1808,3376,-33,151,-6,189435,1540453741660
-16384,1664,-5632,-9680,-1760,3376,-37,148,16,189455,1540453741697
-16576,1280,-5248,-9680,-1776,3360,-68,127,52,189475,1540453741753
-16384,1536,-5568,-9664,-1808,3344,-48,140,23,189495,1540453741756
-16256,1792,-5568,-9696,-1792,3408,-50,123,23,189515,1540453741760
-16192,2112,-5760,-9680,-1776,3360,-48,141,-40,189535,1540453741764
-16256,2112,-5888,-9696,-1776,3328,-22,167,-50,189555,1540453741804
-16448,1984,-5696,-9680,-1776,3344,-17,168,-43,189575,1540453741806
-16512,1792,-5568,-9648,-1776,3392,-16,182,-27,189595,1540453741858
-16640,1600,-5632,-9648,-1776,3344,-45,162,-9,189615,1540453741863
-16192,1664,-5504,-9664,-1760,3376,-41,167,-8,189635,1540453741868
-16000,1408,-5440,-9664,-1808,3408,-73,160,-8,189655,1540453741911
-16448,1664,-5632,-9632,-1760,3392,-46,166,-1,189675,1540453741914
-16448,1856,-5568,-9616,-1808,3408,-47,157,-5,189695,1540453741962
-16256,2048,-5696,-9632,-1776,3424,-34,173,-34,189715,1540453741965
-16320,1728,-5504,-9680,-1776,3360,-42,165,-32,189735,1540453741969
-16512,1600,-5440,-9632,-1840,3408,-19,173,-42,189755,1540453742063
-16512,1600,-5504,-9664,-1840,3392,-36,164,-43,189775,1540453742065
-16256,1664,-5312,-9648,-1760,3376,-39,152,-26,189795,1540453742069
-16128,1856,-5440,-9632,-1792,3408,-42,150,-55,189815,1540453742073
-16384,1664,-5568,-9664,-1808,3376,-47,160,-33,189835,1540453742077
-16640,1792,-5440,-9616,-1648,3376,-50,143,-37,189855,1540453742113
-16448,1856,-5632,-9600,-1824,3376,-47,155,-16,189875,1540453742118
-16384,1920,-5504,-9648,-1840,3392,-39,160,-39,189895,1540453742122
-16384,1856,-5504,-9648,-1856,3408,-12,161,-44,189915,1540453742163
-16320,1728,-5376,-9600,-1744,3424,-17,162,-37,189935,1540453742165
-16384,1728,-5376,-9616,-1840,3376,-32,145,-47,189955,1540453742213
-16384,1792,-5376,-9584,-1648,3440,-33,156,-38,189975,1540453742216
-16448,1792,-5376,-9632,-1872,3408,-35,157,-47,189995,1540453742264
-16384,1664,-5504,-9552,-1840,3408,-36,146,-30,190015,1540453742314
-16384,1728,-5376,-9664,-1872,3408,-15,157,-50,190035,1540453742316
-16320,1600,-5504,-9568,-1664,3408,-29,148,-43,190055,1540453742320
-16448,1536,-5440,-9648,-1808,3408,-26,133,-20,190075,1540453742323
-16512,1728,-5760,-9600,-1856,3424,-8,153,-13,190095,1540453742327
-16512,1728,-5440,-9648,-1840,3392,5,160,-1,190115,1540453742422
-16512,1664,-5632,-9664,-1840,3376,22,166,11,190135,1540453742424
-15936,1408,-5376,-9584,-1808,3376,14,161,5,190155,1540453742428
-15936,1408,-5120,-9616,-1840,3408,3,124,34,190175,1540453742432
-16448,1536,-5056,-9632,-1808,3360,8,129,50,190195,1540453742434
-16320,1728,-5440,-9632,-1840,3424,18,109,60,190215,1540453742526
-16448,1920,-5184,-9600,-1840,3440,16,126,39,190235,1540453742529
-16384,2176,-5440,-9648,-1792,3392,41,144,61,190255,1540453742533
-16832,2240,-5568,-9600,-1808,3440,71,167,40,190275,1540453742537
-16320,2176,-5568,-9648,-1760,3392,68,173,43,190295,1540453742539
-16320,2112,-5632,-9616,-1792,3392,90,169,39,190315,1540453742542
-16320,2048,-5504,-9616,-1760,3344,72,193,58,190335,1540453742578
-16704,1984,-5376,-9584,-1728,3408,98,208,60,190355,1540453742628
-16576,2240,-5568,-9616,-1728,3408,90,187,59,190375,1540453742630
-16384,1984,-5248,-9632,-1680,3360,89,177,54,190395,1540453742635
-16128,1792,-5376,-9648,-1680,3392,84,185,51,190415,1540453742729
-16320,1920,-5248,-9632,-1664,3392,72,146,83,190435,1540453742732
-16320,2112,-5504,-9600,-1648,3328,64,139,82,190455,1540453742736
-16320,2112,-5376,-9600,-1616,3408,72,131,89,190475,1540453742740
-16256,2368,-5376,-9632,-1616,3376,81,129,80,190495,1540453742743
-16320,2752,-5632,-9600,-1616,3376,125,153,53,190515,1540453742746
-16256,2880,-5568,-9648,-1568,3376,140,169,24,190535,1540453742781
-16320,2816,-5632,-9664,-1584,3392,195,196,18,190555,1540453742785
-16640,2624,-5120,-9616,-1504,3392,194,205,43,190575,1540453742829
-16768,2560,-5120,-9600,-1504,3392,206,209,64,190595,1540453742831
-16320,2624,-5056,-9632,-1520,3328,206,210,35,190615,1540453742883
-16064,2432,-5120,-9616,-1488,3312,188,170,64,190635,1540453742886
-16384,2496,-5056,-9680,-1456,3328,176,174,119,190655,1540453742892
-16576,2688,-5120,-9584,-1376,3344,166,180,134,190675,1540453742933
-16640,2880,-4864,-9616,-1328,3328,113,236,119,190695,1540453742937
-16640,3520,-5056,-9632,-1360,3408,174,295,110,190715,1540453742985
-17088,3520,-5248,-9664,-1312,3344,183,310,193,190735,1540453742988
-16576,3840,-5440,-9664,-1104,3328,281,310,168,190755,1540453742991
-15808,3968,-5056,-9696,-1232,3344,351,291,81,190775,1540453743092
-15808,3584,-4672,-9712,-1184,3360,360,284,25,190795,1540453743095
-16192,2752,-3968,-9792,-1104,3360,271,265,2,190815,1540453743100
-16448,2304,-3648,-9744,-1056,3344,169,198,105,190835,1540453743103
-16320,2432,-3968,-9792,-1104,3360,106,68,293,190855,1540453743105
-16256,3136,-4288,-9728,-944,3296,99,-5,435,190875,1540453743107
-16000,3648,-4288,-9728,-992,3376,66,-59,474,190895,1540453743141
-16000,4096,-4544,-9712,-912,3312,72,-57,459,190915,1540453743146
-16256,4416,-4736,-9648,-960,3312,104,-67,458,190935,1540453743192
-16000,5056,-4928,-9648,-928,3312,170,-49,389,190955,1540453743246
-15808,5376,-4928,-9664,-880,3344,210,-18,266,190975,1540453743248
-15744,5632,-4928,-9584,-912,3296,260,29,137,190995,1540453743253
-15488,5696,-4864,-9552,-800,3296,262,51,36,191015,1540453743257
-15488,5184,-4800,-9504,-704,3312,270,50,-66,191035,1540453743299
-15744,4928,-4672,-9520,-720,3312,256,68,-118,191055,1540453743301
-15680,4928,-4672,-9520,-576,3328,191,54,-157,191075,1540453743307
-15680,4672,-4544,-9536,-672,3296,131,35,-204,191095,1540453743349
-15616,4416,-4736,-9568,-624,3344,68,22,-209,191115,1540453743351
-16000,4416,-4608,-9584,-624,3328,30,5,-189,191135,1540453743402
-16128,4480,-4672,-9568,-480,3328,15,-3,-185,191155,1540453743405
-16000,4416,-4608,-9584,-592,3264,-11,-15,-184,191175,1540453743408
-15808,4800,-4864,-9536,-528,3312,6,-3,-217,191195,1540453743455
-15680,4800,-4608,-9616,-560,3248,7,-28,-246,191215,1540453743457
-15488,4736,-4224,-9504,-576,3264,-26,-28,-330,191235,1540453743462
-15296,4608,-4160,-9504,-544,3312,-67,-23,-383,191255,1540453743510
-15808,4416,-4160,-9536,-576,3280,-78,-16,-359,191275,1540453743514
-16064,4224,-4288,-9504,-576,3248,-150,-74,-231,191295,1540453743519
-16576,4032,-4736,-9520,-624,3280,-191,-93,-144,191315,1540453743561
-16192,4160,-4992,-9520,-624,3264,-220,-103,-156,191335,1540453743564
-15552,4416,-5440,-9456,-736,3312,-264,-128,-186,191355,1540453743614
-15808,4224,-5952,-9456,-768,3264,-274,-85,-241,191375,1540453743665
-15872,4416,-6272,-9408,-816,3344,-216,-21,-378,191395,1540453743667
-15936,4480,-6144,-9344,-864,3216,-199,48,-540,191415,1540453743671
-16128,4224,-6208,-9360,-896,3264,-205,99,-595,191435,1540453743674
-16576,3840,-5760,-9328,-896,3264,-276,63,-541,191455,1540453743720
-16704,3520,-5696,-9376,-1008,3264,-378,66,-437,191475,1540453743723
-16832,3968,-6016,-9344,-1040,3280,-412,76,-385,191495,1540453743727
-16384,4416,-6144,-9280,-1168,3296,-423,48,-381,191515,1540453743772
-16128,4288,-6336,-9312,-1280,3296,-464,18,-339,191535,1540453743774
-16448,4672,-6464,-9312,-1296,3344,-549,14,-363,191555,1540453743825
-16768,5632,-6912,-9264,-1440,3280,-528,6,-305,191575,1540453743829
-16768,6464,-7552,-9264,-1504,3280,-455,1,-271,191595,1540453743834
-16384,7296,-7808,-9200,-1648,3280,-320,-11,-272,191615,1540453743876
-16128,7808,-7744,-9152,-1680,3328,-203,38,-284,191635,1540453743879
-16192,7936,-7872,-9056,-1712,3280,6,52,-320,191655,1540453743884
-16064,7104,-7488,-9056,-1824,3264,167,137,-450,191675,1540453743929
-16256,6208,-6912,-9008,-1856,3232,357,268,-677,191695,1540453743931
-16512,5056,-5952,-9008,-1856,3280,458,373,-752,191715,1540453743981
-16448,3136,-5504,-9008,-1856,3232,498,375,-662,191735,1540453743984
-16640,1984,-4480,-9024,-1824,3232,420,306,-434,191755,1540453743988
-17024,1920,-4800,-8960,-1824,3120,369,419,-397,191775,1540453744030
-17280,1984,-5312,-9088,-1872,3200,363,438,-290,191795,1540453744080
-16320,1216,-5888,-9088,-1792,3136,496,432,-272,191815,1540453744084
-17216,-960,-4352,-9152,-1872,3136,391,577,-289,191835,1540453744087
-17792,-2560,-3648,-9232,-1824,3120,308,535,-206,191855,1540453744132
-18944,-3072,-3008,-9312,-1856,3088,211,614,-291,191875,1540453744135
-21248,-2240,-3520,-9408,-1824,3056,105,698,-260,191895,1540453744139
-21248,-704,-5248,-9440,-1824,3056,155,695,42,191915,1540453744183
-21632,-576,-6016,-9552,-1840,2976,364,657,379,191935,1540453744185
-20672,896,-6912,-9664,-1872,2912,593,632,226,191955,1540453744189
-18048,2688,-6912,-9776,-1632,2800,855,990,-313,191975,1540453744235
-18176,1472,-6080,-9872,-1664,2816,922,1153,-733,191995,1540453744237
-18048,448,-5376,-10096,-1520,2736,973,1346,-795,192015,1540453744241
-18560,-1472,-4800,-10192,-1376,2672,853,1265,-490,192035,1540453744287
-18432,-3072,-3776,-10464,-1200,2592,768,1198,-165,192055,1540453744290
-17216,-3328,-3456,-10608,-1120,2656,657,1154,-87,192075,1540453744342
-15680,-3136,-3456,-10864,-944,2592,613,1080,-52,192095,1540453744346
-14592,-2880,-3392,-10976,-832,2624,573,1007,-94,192115,1540453744350
-13760,-2496,-3008,-11264,-704,2624,527,874,-71,192135,1540453744394
-13632,-2240,-2368,-11328,-608,2640,490,729,55,192155,1540453744397
-13632,-2112,-1664,-11472,-432,2640,448,566,174,192175,1540453744402
-14080,-1600,-1216,-11520,-400,2656,460,485,223,192195,1540453744446
-13760,-960,-384,-11632,-304,2640,468,459,242,192215,1540453744449
-13312,-960,-64,-11696,-160,2656,454,321,289,192235,1540453744497
-12736,-768,448,-11760,-64,2640,435,171,355,192255,1540453744499
-12352,-256,1088,-11760,80,2656,307,-58,432,192275,1540453744548
-12864,64,1152,-11744,192,2576,205,-344,744,192295,1540453744552
-14336,896,1280,-11680,224,2544,119,-500,987,192315,1540453744555
-16384,2688,576,-11552,336,2448,169,-517,996,192335,1540453744599
-17664,3840,128,-11504,480,2384,301,-526,945,192355,1540453744602
-17728,3840,128,-11328,592,2320,357,-445,916,192375,1540453744605
-17408,4288,256,-11232,688,2336,375,-333,850,192395,1540453744650
-17408,6080,-192,-11200,864,2288,507,-90,691,192415,1540453744652
-17024,6144,-384,-11136,1104,2256,631,79,577,192435,1540453744657
-16256,5696,-256,-11072,1264,2240,723,234,434,192455,1540453744704
-15808,4928,64,-11152,1408,2288,716,267,420,192475,1540453744706
-16064,4032,-64,-11120,1680,2304,658,212,506,192495,1540453744754
-16448,3392,-192,-11152,1776,2352,553,179,577,192515,1540453744757
-17216,3584,-576,-11136,2048,2336,466,221,655,192535,1540453744761
-17408,3904,-1472,-11088,2320,2416,514,199,751,192555,1540453744807
-16832,3968,-1408,-11024,2432,2480,487,121,863,192575,1540453744810
-16960,4096,-960,-10960,2640,2528,447,-25,1022,192595,1540453744859
-17152,4352,-960,-10944,2784,2592,381,-162,1136,192615,1540453744862
-17152,4864,-1280,-10720,2944,2640,316,-194,1054,192635,1540453744867
-17216,5248,-1856,-10624,3008,2640,279,-263,885,192655,1540453744910
-16576,6144,-2496,-10416,3264,2688,250,-324,572,192675,1540453744912
-16576,7232,-3520,-10336,3216,2720,245,-377,220,192695,1540453744962
-18240,8128,-4544,-10064,3328,2816,278,-353,-109,192715,1540453744965
-19904,8640,-5184,-10128,3328,2848,379,-216,-262,192735,1540453745013
-20160,8832,-5696,-10032,3440,2944,647,-72,-276,192755,1540453745016
-18624,8000,-5120,-10016,3472,3008,986,137,-292,192775,1540453745020
-15040,5888,-3456,-10000,3664,3136,1152,140,-261,192795,1540453745024
-15104,5888,-1600,-10032,3792,3344,1157,8,-272,192815,1540453745067
-12160,4928,-1600,-9984,4080,3424,994,-207,-338,192835,1540453745118
-10624,4992,-960,-10032,4016,3536,865,-395,-438,192855,1540453745120
-10688,5376,-576,-10000,4304,3712,712,-509,-534,192875,1540453745124
-12288,6336,-1408,-9952,4208,3776,693,-534,-554,192895,1540453745127
-13568,7232,-2304,-9968,4368,3904,698,-509,-571,192915,1540453745169
-14528,8128,-2688,-9872,4384,3984,684,-426,-578,192935,1540453745220
-15424,8704,-3136,-9840,4624,4096,741,-273,-559,192955,1540453745222
-16384,9536,-4032,-9856,4544,4160,920,-61,-496,192975,1540453745225
-16448,9600,-4480,-9888,4608,4336,1058,71,-412,192995,1540453745230
-15040,8448,-3712,-9856,4736,4448,1030,99,-327,193015,1540453745271
-13376,7488,-2816,-9904,4880,4624,880,30,-220,193035,1540453745274
-12736,6528,-2112,-9888,4880,4688,650,-110,-96,193055,1540453745326
-12608,6528,-2112,-9792,4992,4800,442,-291,111,193075,1540453745329
-13376,7872,-2880,-9760,5056,4864,345,-387,305,193095,1540453745333
-14784,8448,-3520,-9584,5216,4880,170,-569,805,193115,1540453745377
-16768,8960,-3968,-9408,5088,4944,31,-697,1470,193135,1540453745430
-17536,9728,-4672,-8976,5072,4880,-31,-852,2005,193155,1540453745432
-15936,11072,-5632,-8688,5008,4896,158,-833,1963,193175,1540453745435
-13184,12736,-5568,-8144,4912,4960,354,-812,1520,193195,1540453745439
-12096,13312,-5248,-7888,4880,4976,592,-675,829,193215,1540453745442
-12480,12864,-4416,-7552,4864,5120,803,-524,251,193235,1540453745480
-13504,11328,-3776,-7456,4960,5232,912,-410,-59,193255,1540453745530
-14592,10176,-2624,-7328,4960,5392,964,-311,-150,193275,1540453745532
-15040,8832,-1280,-7280,5088,5488,908,-285,-60,193295,1540453745536
-14784,8128,-256,-7184,5136,5728,795,-298,27,193315,1540453745580
-13952,8128,320,-7152,5152,5792,642,-289,77,193335,1540453745583
-12736,8512,768,-7072,5184,5968,524,-331,48,193355,1540453745587
-11904,9792,448,-6992,5216,6032,474,-349,-98,193375,1540453745632
-11648,10752,-320,-6944,5232,6144,521,-326,-326,193395,1540453745634
-11648,11392,-896,-6960,5232,6256,634,-263,-584,193415,1540453745683
-12160,11264,-960,-6928,5328,6352,736,-185,-787,193435,1540453745685
-12736,10240,-384,-7072,5456,6528,674,-204,-815,193455,1540453745735
-13440,8896,-256,-7136,5472,6576,436,-176,-670,193475,1540453745737
-15360,8576,-768,-7168,5584,6656,63,-329,-172,193495,1540453745740
-15872,9152,-2048,-7152,5536,6672,-304,-655,291,193515,1540453745743
-16256,11136,-4224,-6976,5472,6672,-635,-762,533,193535,1540453745785
-17536,13568,-7936,-6912,5344,6608,-467,-721,582,193555,1540453745836
-17408,16320,-9920,-6688,5264,6576,-46,-472,321,193575,1540453745839
-16512,17856,-10752,-6592,5168,6608,629,-107,-191,193595,1540453745842
-15872,16000,-10496,-6656,5248,6720,1214,133,-549,193615,1540453745845
-15040,11328,-9856,-6704,5312,6912,1522,275,-768,193635,1540453745886
-15040,7424,-8960,-6816,5472,7152,1419,438,-921,193655,1540453745888
-14912,3072,-8960,-6944,5568,7296,1317,591,-768,193675,1540453745938
-15616,1408,-7936,-7136,5616,7568,1101,523,-451,193695,1540453745941
-14976,1408,-7936,-7168,5632,7648,860,344,-99,193715,1540453745992
-13312,1600,-7296,-7168,5728,7776,642,93,180,193735,1540453745996
-11904,2624,-7488,-7200,5696,7856,473,-151,361,193755,1540453745998
-11200,4032,-6976,-7056,5696,7952,421,-323,435,193775,1540453746044
-11648,5120,-7232,-7056,5648,8032,521,-383,344,193795,1540453746046
-11904,6080,-7296,-6944,5696,8096,631,-347,47,193815,1540453746094
-11968,6080,-6592,-6960,5584,8240,671,-252,-309,193835,1540453746097
-13120,5056,-6080,-6976,5728,8384,651,-3,-566,193855,1540453746100
-15488,3456,-4672,-7088,5664,8464,453,122,-517,193875,1540453746105
-15872,2496,-3328,-7088,5792,8560,295,30,-510,193895,1540453746145
-15168,3456,-3136,-7216,5728,8624,818,510,-2217,193915,1540453746147
-20160,320,-2944,-7568,5904,8752,1054,1493,-2872,193935,1540453746197
-12480,2048,-3008,-7920,5888,8800,1363,1793,-1820,193955,1540453746199
-14848,3008,-2112,-8320,5968,9040,385,266,-810,193975,1540453746201
-17152,2496,-320,-8448,6000,9040,1,-265,-386,193995,1540453746247
-16384,4224,-1536,-8544,5984,9104,112,-64,-169,194015,1540453746298
-17024,4416,-1216,-8576,6016,9056,87,-140,113,194035,1540453746301
-17280,5120,-960,-8528,6016,9136,78,-177,388,194055,1540453746304
-17472,6080,-1152,-8448,5984,9168,213,-131,308,194075,1540453746307
-16448,5952,-768,-8336,6032,9200,396,110,-60,194095,1540453746349
-16320,4864,-192,-8384,5968,9280,530,282,-476,194115,1540453746352
-17600,3008,960,-8448,6000,9328,432,408,-636,194135,1540453746402
-19072,1728,960,-8528,6032,9408,252,480,-304,194155,1540453746405
-20736,1856,896,-8576,6064,9488,168,550,37,194175,1540453746409
-21760,2432,896,-8576,6048,9424,58,522,297,194195,1540453746452
-21248,2944,448,-8512,6032,9488,-197,195,587,194215,1540453746454
-19328,2240,-128,-8464,6032,9440,-306,93,543,194235,1540453746457
-19008,3648,-1024,-8336,6000,9440,-123,229,517,194255,1540453746503
-19392,6208,-832,-8304,6032,9392,-24,299,459,194275,1540453746505
-19072,7168,-1024,-8224,6016,9392,149,259,405,194295,1540453746554
-17088,7744,-1920,-8064,5936,9424,337,356,304,194315,1540453746557
-15808,8640,-768,-8096,5936,9504,187,285,193,194335,1540453746560
-15296,9664,-832,-8064,5952,9568,167,306,36,194355,1540453746609
-13120,9216,-640,-8000,5856,9616,34,177,-189,194375,1540453746612
-12416,8576,-832,-8048,5904,9568,67,155,-670,194395,1540453746660
-12864,8320,-1152,-8112,5952,9552,222,199,-747,194415,1540453746663
-13120,8512,-320,-8192,5920,9600,201,97,-772,194435,1540453746666
-13120,8704,-256,-8352,5968,9680,83,46,-722,194455,1540453746711
-14656,8960,-320,-8528,6000,9760,-68,20,-530,194475,1540453746713
-15936,9216,-640,-8576,6000,9712,-96,56,-263,194495,1540453746761
-16064,9280,-896,-8640,6032,9696,-95,128,-11,194515,1540453746764
-15744,9088,-1216,-8624,6000,9680,-76,229,193,194535,1540453746768
-15744,9088,-1152,-8560,5968,9712,-34,341,377,194555,1540453746812
-14528,8960,-896,-8496,5936,9680,-21,391,487,194575,1540453746815
-13056,9280,-320,-8384,5904,9680,41,388,413,194595,1540453746819
-11904,9280,-320,-8384,5952,9696,130,333,294,194615,1540453746866
-11264,9600,-384,-8288,5936,9728,103,231,245,194635,1540453746868
-10880,9792,448,-8192,5888,9680,106,73,278,194655,1540453746920
-11520,10432,-448,-8128,5952,9728,50,-127,388,194675,1540453746922
-11968,10880,-320,-8144,5840,9776,5,-365,503,194695,1540453746925
-13056,10944,-704,-8000,5936,9776,104,-391,515,194715,1540453746970
-14784,11264,-704,-8016,5808,9776,249,-405,444,194735,1540453746972
-15552,11200,-704,-7904,5920,9856,370,-420,388,194755,1540453747021
-15808,10752,-704,-7856,5728,9872,415,-456,404,194775,1540453747075
-15744,9856,-192,-7824,5728,10032,408,-465,439,194795,1540453747077
-14912,9344,192,-7792,5696,10080,346,-544,454,194815,1540453747126
-14464,9024,192,-7696,5696,10192,253,-566,445,194835,1540453747129
-14976,9792,320,-7632,5712,10176,221,-557,439,194855,1540453747133
-16064,10880,-256,-7488,5904,10256,189,-542,567,194875,1540453747176
-16512,11200,-64,-7536,5712,10304,196,-504,466,194895,1540453747179
-16256,11392,-704,-7440,5840,10368,349,-353,176,194915,1540453747228
-16128,11520,-832,-7424,5760,10400,516,-287,64,194935,1540453747279
-15872,10624,-576,-7408,5872,10496,438,-405,202,194955,1540453747330
-15232,9536,384,-7440,5920,10544,232,-461,101,194975,1540453747332
-15552,9344,-640,-7424,6224,10560,233,-383,-90,194995,1540453747336
-16448,10048,-1344,-7536,6320,10544,568,-271,-111,195015,1540453747380
-16832,8192,64,-7712,6656,10512,143,-571,-318,195035,1540453747431
-14528,4992,-1984,-7968,6704,10576,-161,-468,-2037,195055,1540453747433
-15552,6592,-3136,-8544,6672,10512,259,-101,-3055,195075,1540453747536
-20416,6912,-4416,-8928,6656,10528,890,417,-2639,195095,1540453747540
-18816,5696,-2304,-9488,6544,10816,918,570,-2361,195115,1540453747542
-15616,4160,-1664,-9776,6464,10928,679,430,-2128,195135,1540453747586
-15808,3072,-2112,-10160,6400,11088,531,235,-1220,195155,1540453747588
-15872,3136,-1984,-10304,6320,11040,397,92,-748,195175,1540453747637
-15424,3008,-2432,-10480,6352,11088,299,31,-534,195195,1540453747640
-15616,2816,-3392,-10544,6288,11024,233,-145,82,195215,1540453747748
-16896,4608,-1792,-10560,6496,10992,-311,-790,1429,195235,1540453747751
-16256,576,-4992,-10432,6560,10880,-34,-638,1681,195255,1540453747754
-14208,3136,-4736,-10016,6816,10704,-40,-463,1075,195275,1540453747797
-10944,1856,-5696,-9792,6848,10720,-63,-272,335,195295,1540453747800
-13760,640,-4160,-9680,6912,10704,-363,-199,115,195315,1540453747848
-16000,2368,-3840,-9616,6864,10704,-598,-168,-8,195335,1540453747851
-16000,2880,-4864,-9552,6848,10672,-619,-84,12,195355,1540453747900
-15808,3712,-4672,-9536,6816,10656,-575,-61,-5,195375,1540453747902
-15296,4800,-4288,-9536,6672,10608,-539,-61,-115,195395,1540453747951
-15360,5568,-4160,-9520,6672,10592,-411,-60,-161,195415,1540453747953
-15424,5376,-3712,-9536,6624,10512,-278,-48,-81,195435,1540453748004
-16000,5248,-3712,-9552,6704,10496,-152,-24,-113,195455,1540453748006
-15424,5248,-3712,-9616,6672,10464,-32,-23,-232,195475,1540453748010
-15360,4928,-3584,-9680,6752,10480,70,-50,-220,195495,1540453748058
-15424,4672,-3648,-9760,6704,10464,102,-76,-80,195515,1540453748110
-16064,4096,-3712,-9824,6768,10448,86,-108,122,195535,1540453748112
-16128,3904,-3712,-9856,6720,10432,-17,-203,375,195555,1540453748159
-16128,3520,-3712,-9808,6848,10432,-79,-241,518,195575,1540453748209
-16128,3840,-4224,-9824,6816,10400,-173,-275,421,195595,1540453748213
-15744,3968,-4288,-9792,6880,10304,-274,-361,316,195615,1540453748215
-15680,3776,-4800,-9776,6864,10192,-316,-388,-1239,195635,1540453748261
-2944,320,-5760,-10208,6832,10144,-615,-346,-2736,195655,1540453748314
-18112,2496,-3968,-10608,6736,10080,-717,-459,-1295,195675,1540453748316
-25344,1664,-7232,-11040,6768,9936,-484,-216,-190,195695,1540453748367
-20864,1344,-6464,-11136,6736,9824,-382,47,-350,195715,1540453748371
-18176,1088,-5824,-11296,6976,9696,-496,209,-900,195735,1540453748374
-16384,-192,-4480,-11456,6672,9664,-658,230,-1314,195755,1540453748419
-14272,-768,-6848,-11760,6688,9568,-354,375,-847,195775,1540453748421
-22592,-1216,-7360,-11872,6432,9584,-122,288,1311,195795,1540453748468
-16960,-1984,-4672,-11712,6560,9552,-185,181,1208,195815,1540453748470
-15808,-192,-4928,-11536,6544,9520,-29,387,1039,195835,1540453748520
-14912,1024,-4864,-11264,6720,9568,848,1437,1081,195855,1540453748523
-14656,2432,-5888,-11152,6624,9728,988,1765,1117,195875,1540453748525
-16320,4480,-2496,-10816,6592,10064,941,1694,1140,195895,1540453748571
-14528,5824,-2304,-10704,6512,10224,865,1534,902,195915,1540453748573
-15360,7360,-1664,-10384,6416,10512,761,1186,844,195935,1540453748622
-15232,7296,-960,-10240,6272,10592,607,752,806,195955,1540453748676
-15616,5824,-1984,-10112,6240,10752,285,223,740,195975,1540453748729
-17472,4864,-3328,-10048,6224,10800,-98,-66,439,195995,1540453748731
-21120,5504,-3392,-10016,6304,10816,-271,150,46,196015,1540453748781
-21568,6400,-3392,-10016,6384,10752,-328,473,-320,196035,1540453748784
-19328,6528,-3264,-10160,6736,10576,-343,704,-605,196055,1540453748832
-16640,6912,-3456,-10144,6976,10512,-333,769,-793,196075,1540453748887
-14528,7040,-3392,-10256,7360,10400,-315,732,-806,196095,1540453748890
-13248,6976,-3264,-10192,7472,10336,-259,698,-660,196115,1540453748894
-12544,6016,-2496,-10256,7600,10336,-315,611,-477,196135,1540453748937
-12416,5440,-2432,-10256,7584,10288,-347,519,-259,196155,1540453748988
-11584,4736,-2560,-10368,7648,10224,-491,327,-32,196175,1540453748991
-11392,3776,-2176,-10352,7664,10112,-716,100,20,196195,1540453749039
-12224,2816,-1856,-10400,7712,9968,-949,-90,26,196215,1540453749094
-13248,3712,-2816,-10368,7680,9904,-1308,-429,173,196235,1540453749097
-14976,4224,-2880,-10080,7488,9840,-1752,-704,-68,196255,1540453749101
-17856,6720,-4032,-9952,7184,9584,-1848,-712,-172,196275,1540453749146
-17856,7744,-5696,-9840,7024,9424,-1539,-366,-103,196295,1540453749200
-19776,7808,-5440,-9760,6960,9264,-1317,-46,-57,196315,1540453749203
-18688,7360,-6208,-9744,6768,9120,-1025,226,60,196335,1540453749207
-17216,7296,-6208,-9696,6720,9024,-796,292,-43,196355,1540453749251
-14976,7168,-5248,-9648,6672,8864,-711,176,-120,196375,1540453749254
-13440,6464,-4608,-9712,6656,8816,-680,-26,42,196395,1540453749299
-13824,6080,-4160,-9776,6656,8720,-663,-174,165,196415,1540453749302
-14528,5760,-3840,-9776,6736,8592,-654,-215,11,196435,1540453749352
-15872,5632,-3840,-9776,6704,8512,-623,-142,-86,196455,1540453749354
-16960,5184,-3840,-9808,6768,8400,-589,19,-199,196475,1540453749358
-17600,5120,-4032,-9824,6784,8320,-566,155,-305,196495,1540453749404
-17728,4992,-4608,-9840,6768,8256,-536,283,-439,196515,1540453749406
-17664,4992,-4672,-9920,6784,8224,-485,421,-463,196535,1540453749454
-17216,5696,-4288,-9904,6800,8176,-366,474,-472,196555,1540453749457
-15680,6208,-4032,-9968,6736,8128,-253,363,-455,196575,1540453749505
-15040,6400,-4032,-9984,6736,8080,-216,189,-326,196595,1540453749508
-15552,6848,-3968,-10096,6624,8112,-89,86,-230,196615,1540453749559
-16512,7168,-4416,-10016,6608,8144,65,40,-178,196635,1540453749563
-17344,6848,-4032,-10064,6544,8160,159,52,-164,196655,1540453749611
-18304,6016,-4096,-10112,6560,8240,232,58,-59,196675,1540453749614
-18368,4928,-4352,-10144,6480,8240,249,53,46,196695,1540453749662
-18880,3840,-4352,-10048,6672,8208,191,118,164,196715,1540453749715
-18752,2816,-4096,-10080,6544,8256,116,297,187,196735,1540453749764
-17856,2944,-3712,-10000,6672,8288,83,461,97,196755,1540453749767
-16384,3776,-3520,-10000,6688,8304,98,513,2,196775,1540453749769
-14848,4544,-3200,-9840,6912,8256,92,468,-161,196795,1540453749815
-14144,5312,-2560,-9952,6896,8224,141,391,-245,196815,1540453749817
-14208,5504,-2368,-10064,7040,8272,158,280,-228,196835,1540453749867
-14400,5632,-1984,-10128,6976,8256,183,124,-215,196855,1540453749870
-15168,4672,-1664,-10240,7072,8256,162,30,-159,196875,1540453749919
-16128,3776,-1856,-10352,6976,8272,127,-3,-125,196895,1540453749922
-16704,3328,-2176,-10416,6976,8256,61,-18,-155,196915,1540453749969
-17344,3328,-2496,-10528,6912,8272,-10,50,-226,196935,1540453749973
-18368,3904,-2560,-10496,7024,8224,-10,197,-297,196955,1540453750020
-18624,4672,-2368,-10512,6864,8272,42,389,-326,196975,1540453750024
-17728,5312,-2112,-10576,6800,8272,132,508,-312,196995,1540453750076
-16448,5312,-2176,-10592,6848,8288,178,543,-305,197015,1540453750081
-15872,5440,-1856,-10720,6848,8320,236,528,-299,197035,1540453750085
-15424,5440,-1536,-10784,6864,8320,255,479,-265,197055,1540453750127
-15040,5440,-1600,-10800,6832,8368,258,393,-299,197075,1540453750130
-15104,5248,-1856,-10816,6800,8384,262,269,-343,197095,1540453750177
-15168,4736,-2560,-10944,6752,8464,272,45,-390,197115,1540453750181
-15296,3840,-4480,-10960,6736,8480,261,-276,-360,197135,1540453750229
-16576,3584,-5952,-11008,6656,8496,285,-621,-252,197155,1540453750232
-19392,4416,-5952,-10976,6640,8496,388,-652,-162,197175,1540453750236
-19392,4416,-5376,-11008,6608,8544,650,-263,-170,197195,1540453750279
-21312,5184,-5376,-11040,6592,8592,975,246,-341,197215,1540453750283
-20608,4800,-5184,-11168,6736,8672,1203,563,-559,197235,1540453750332
-17920,3904,-4608,-11296,6768,8688,1370,710,-796,197255,1540453750335
-15808,2944,-4224,-11712,6912,8928,1479,695,-811,197275,1540453750381
-14400,1536,-4032,-11840,6928,9008,1505,639,-880,197295,1540453750385
-14144,64,-4160,-12400,6944,9232,1485,545,-898,197315,1540453750433
-14144,-1088,-4608,-12576,7008,9440,1382,356,-862,197335,1540453750436
-13696,-2432,-4992,-13168,6992,9424,1027,-35,-605,197355,1540453750485
-13248,-5184,-5248,-13680,7120,9504,540,-400,-128,197375,1540453750487
-13952,-5824,-5248,-13792,7200,9472,223,-655,171,197395,1540453750536
-15680,-3776,-4928,-13856,7376,9440,180,-629,326,197415,1540453750538
-17600,-1664,-4864,-13936,7408,9360,286,-453,312,197435,1540453750587
-18176,-1152,-4800,-13920,7568,9328,332,-275,227,197455,1540453750589
-17728,-1408,-4416,-13952,7392,9360,325,-99,38,197475,1540453750643
-17472,-896,-3904,-13808,7216,9472,396,22,-93,197495,1540453750646
-16704,-64,-3584,-13696,7040,9632,505,63,-193,197515,1540453750696
-16064,0,-3904,-13520,6736,9840,568,-13,-217,197535,1540453750744
-15808,-320,-3712,-13456,6528,9920,569,-96,-165,197555,1540453750748
-15808,-896,-3904,-13344,6352,10144,549,-155,-41,197575,1540453750797
-16064,-1344,-4032,-13376,6304,10128,508,-242,93,197595,1540453750799
-16512,-1792,-4224,-13328,6288,10224,454,-306,186,197615,1540453750849
-16704,-2304,-4096,-13328,6336,10240,353,-323,225,197635,1540453750851
-16960,-2496,-4288,-13280,6432,10288,206,-300,189,197655,1540453750900
-17408,-2304,-4800,-13344,6416,10288,98,-257,155,197675,1540453750904
-18048,-1728,-4864,-13184,6560,10256,-41,-184,150,197695,1540453750949
-18624,-1024,-5312,-13072,6528,10272,-93,-13,126,197715,1540453751004
-18368,-384,-5440,-12976,6576,10240,-96,120,117,197735,1540453751007
-17984,64,-5248,-12912,6560,10208,-47,214,108,197755,1540453751058
-16768,192,-4928,-12784,6720,10240,-37,243,147,197775,1540453751111
-15936,448,-4416,-12816,6656,10176,-39,207,161,197795,1540453751113
-15552,640,-3840,-12800,6944,10192,-41,170,168,197815,1540453751116
-15360,704,-3584,-12816,6720,10160,-46,146,170,197835,1540453751160
-15232,1024,-3264,-12768,6800,10128,-57,108,131,197855,1540453751212
-15552,1472,-3264,-12768,6656,10112,-27,98,131,197875,1540453751214
-15936,1920,-3136,-12672,6576,10192,20,85,154,197895,1540453751262
-16128,2304,-3264,-12704,6448,10176,70,64,187,197915,1540453751264
-16768,2368,-3328,-12560,6352,10192,99,33,257,197935,1540453751312
-17600,2816,-3328,-12544,6304,10256,173,50,269,197955,1540453751314
-18176,3264,-3648,-12352,6240,10336,303,115,139,197975,1540453751362
-18816,2880,-4096,-12304,6096,10368,457,208,-55,197995,1540453751365
-19520,1920,-4096,-12272,5968,10496,482,322,-31,198015,1540453751414
-19264,1024,-4160,-12256,5888,10496,406,436,45,198035,1540453751417
-18304,704,-4544,-12256,5904,10592,335,459,102,198055,1540453751467
-17856,128,-5056,-12272,5856,10624,181,324,49,198075,1540453751469
-17728,128,-5056,-12256,5872,10672,-49,103,19,198095,1540453751517
-18048,-384,-6400,-12256,5872,10672,-262,34,-42,198115,1540453751519
-20096,832,-7232,-12272,6016,10608,-234,238,-28,198135,1540453751571
-21888,2944,-7296,-12288,6048,10592,-120,564,91,198155,1540453751573
-21952,3904,-5952,-12256,6224,10608,-20,874,166,198175,1540453751620
-19520,3584,-6336,-12288,6288,10592,57,1082,147,198195,1540453751622
-16384,3008,-6080,-12336,6464,10672,90,1052,109,198215,1540453751675
-13632,2560,-5888,-12384,6464,10624,98,833,220,198235,1540453751678
-11648,2624,-5760,-12368,6560,10704,91,500,346,198255,1540453751681
-10816,3072,-5440,-12432,6560,10784,86,212,406,198275,1540453751725
-11520,3520,-5312,-12448,6560,10736,129,38,514,198295,1540453751729
-12672,3776,-5184,-12432,6544,10768,198,-81,587,198315,1540453751776
-13312,4160,-5056,-12400,6480,10832,129,-184,563,198335,1540453751780
-14400,4608,-3840,-12384,6480,10912,13,-216,475,198355,1540453751826
-16512,5120,-3392,-12256,6448,10928,-43,-100,432,198375,1540453751879
-17920,5184,-3136,-12128,6512,10912,-58,32,406,198395,1540453751883
-17856,5056,-3712,-12080,6480,10912,-97,133,290,198415,1540453751886
-17024,4736,-4352,-11968,6528,10864,-142,253,126,198435,1540453751930
-16896,4800,-3968,-11936,6464,10880,-181,353,82,198455,1540453751981
-16128,5440,-3904,-11888,6544,10848,-183,384,-27,198475,1540453752032
-15232,5760,-3456,-11952,6560,10848,-173,407,-124,198495,1540453752037
-14784,5696,-3456,-11856,6688,10832,-139,391,-125,198515,1540453752083
-14144,5568,-3328,-11888,6704,10832,-164,294,-90,198535,1540453752086
-13696,5696,-3520,-11856,6848,10832,-223,181,-103,198555,1540453752135
-13888,6016,-3520,-11904,6864,10800,-234,103,-141,198575,1540453752187
-14080,6592,-3520,-11904,7040,10736,-214,41,-187,198595,1540453752238
-14336,7168,-3584,-12016,7040,10688,-143,-6,-185,198615,1540453752241
-14656,7360,-3008,-12048,7216,10752,-89,-91,-42,198635,1540453752292
-14912,6976,-3008,-12128,7168,10672,-52,-170,218,198655,1540453752296
-14976,6400,-3200,-12080,7280,10624,-45,-278,387,198675,1540453752345
-15104,6144,-3520,-12048,7200,10640,-63,-342,473,198695,1540453752348
-15744,5952,-3520,-11936,7216,10672,-95,-341,429,198715,1540453752396
-16896,6720,-3712,-11792,7200,10672,-43,-200,105,198755,1540453752399
-18048,7168,-4032,-11888,6912,10656,156,-82,-258,198815,1540453752402
-18560,6592,-3904,-11936,6880,10784,207,17,-256,198835,1540453752446
-18432,5760,-3520,-12016,6800,10896,190,191,-304,198875,1540453752449
-17792,5312,-3072,-12096,6816,10944,113,249,-250,198895,1540453752553
-17792,5440,-2624,-12208,6800,11056,47,315,-171,198915,1540453752556
-17664,5696,-2432,-12240,6784,11008,-2,397,-109,198935,1540453752604
-16320,6016,-1472,-12464,6960,11232,-7,579,-84,198995,1540453752607
-15744,5824,-1088,-12512,6944,11216,-23,569,-106,199015,1540453752654
-14720,5632,-1024,-12480,7008,11248,-74,460,-216,199035,1540453752704
-14144,5632,-1280,-12496,6960,11264,-141,248,-280,199055,1540453752706
-14592,5440,-2240,-12416,6880,11344,-213,-55,-235,199075,1540453752754
-15488,5312,-4992,-12400,6800,11376,-234,-197,-203,199095,1540453752757
-20032,7360,-5760,-12304,6688,11360,257,369,-199,199135,1540453752762
-16960,7040,-4928,-12256,6480,11600,693,550,-437,199175,1540453752809
-15488,5248,-4800,-12272,6432,11632,731,550,-518,199195,1540453752813
-14912,3776,-4160,-12352,6288,11712,673,541,-468,199215,1540453752862
-14720,1984,-3904,-12448,6096,11904,500,477,-365,199235,1540453752915
-14272,640,-4352,-12496,6048,11952,249,379,-269,199255,1540453752918
-14208,832,-5440,-12512,5808,12000,-117,49,51,199295,1540453752922
-14592,1408,-5632,-12608,5920,11984,-168,-99,205,199315,1540453752965
-15552,2048,-4736,-12672,6080,11872,-170,-198,415,199355,1540453753015
-15744,2240,-4416,-12704,6128,11840,-92,-184,341,199375,1540453753018
-15424,1984,-3968,-12784,6032,11824,-58,-230,191,199395,1540453753067
-15296,1728,-3520,-12736,6000,11776,-55,-238,58,199415,1540453753069
-15872,2112,-3264,-12704,5936,11792,-14,-209,-19,199435,1540453753073
-16256,2176,-2752,-12544,5856,11808,-44,-154,-49,199455,1540453753120
-16448,2112,-2624,-12560,5760,11776,-102,-126,-49,199475,1540453753171
-16704,2688,-2816,-12416,5888,11808,-95,-66,-61,199495,1540453753174
-16896,3712,-3136,-12304,5840,11840,-75,-40,20,199535,1540453753227
-17024,4032,-3264,-12224,5776,11776,-34,-35,-31,199555,1540453753230
-17536,4224,-3648,-12176,5872,11776,54,15,-95,199575,1540453753234
-17152,3904,-4096,-12192,5936,11760,154,33,-189,199615,1540453753278
-17280,4096,-4288,-12240,5792,11760,174,24,-185,199635,1540453753331
-17536,4032,-4224,-12288,5824,11824,173,67,-125,199655,1540453753334
-17536,3584,-4160,-12336,5776,11808,171,142,-79,199675,1540453753384
-16256,3008,-4032,-12288,5808,11776,90,186,0,199715,1540453753386
-15680,3136,-4160,-12336,5808,11856,58,146,48,199755,1540453753439
-15552,3520,-3904,-12272,5728,11824,11,67,110,199795,1540453753443
-16000,3968,-3200,-12304,5760,11840,57,118,192,199835,1540453753491
-16128,4032,-3072,-12336,5728,11824,83,132,181,199855,1540453753495
-15808,3776,-2752,-12272,5744,11888,118,100,212,199895,1540453753498
-15872,3968,-2688,-12224,5616,11840,155,99,223,199915,1540453753542
-16640,4480,-1856,-12192,5504,11904,233,145,248,199955,1540453753546
-16512,4864,-2048,-12064,5296,11952,276,77,221,199995,1540453753593
-16896,5248,-2496,-11952,5296,12016,301,92,238,200015,1540453753596
-17792,4608,-3648,-11856,5152,12000,144,-205,75,200075,1540453753701
-19456,4544,-4736,-11776,5152,12048,93,-63,-8,200095,1540453753704
-21248,5824,-4672,-11776,5168,11984,179,312,-68,200115,1540453753708
-21824,7104,-3264,-11888,5264,12000,316,690,-71,200135,1540453753712
-19328,6784,-3136,-11856,5312,11968,399,911,-136,200155,1540453753753
-16064,5888,-3456,-11840,5376,11968,434,920,-159,200175,1540453753755
-13760,5568,-3328,-11808,5360,11984,401,792,-93,200195,1540453753805
-12608,4992,-3456,-11712,5424,11968,393,646,3,200215,1540453753808
-11776,4288,-3904,-11648,5312,11968,425,338,-14,200255,1540453753857
-13888,4096,-3776,-11616,5136,11920,251,-152,116,200315,1540453753861
-15424,4736,-3712,-11520,5120,11888,153,-119,-60,200335,1540453753865
-16192,5760,-3584,-11424,4976,11888,101,-70,-321,200355,1540453753909
-16960,7744,-4224,-11328,4848,11856,-48,-75,-262,200395,1540453753913
-17728,9280,-4800,-11200,4768,11824,20,-3,101,200435,1540453753961
-16704,8832,-3584,-11056,4880,11744,316,332,71,200475,1540453753963
-14464,7552,-3008,-11168,4896,11712,406,361,5,200495,1540453754012
-12544,6464,-2368,-11232,4976,11712,370,248,45,200515,1540453754015
-12096,5440,-1728,-11344,5056,11696,227,67,131,200535,1540453754018
-12096,5184,-1536,-11392,5248,11664,74,-103,169,200555,1540453754063
-12608,5440,-1792,-11504,5184,11664,-28,-281,116,200575,1540453754066
-15296,6720,-2240,-11584,5328,11632,-125,-385,150,200615,1540453754114
-16192,7104,-2432,-11584,5344,11616,-91,-327,114,200635,1540453754116
-16384,6976,-1856,-11456,5360,11664,63,-195,-68,200675,1540453754166
-16448,6976,-2048,-11536,5392,11616,90,-126,-145,200695,1540453754217
-16512,6528,-2048,-11520,5536,11648,88,-75,-226,200715,1540453754219
-16576,6720,-1920,-11424,5504,11632,73,-35,-364,200755,1540453754223
-17280,7104,-2688,-11520,5536,11712,75,1,-356,200795,1540453754268
-17792,7552,-2944,-11504,5600,11648,137,91,-366,200815,1540453754376
-18432,7744,-3008,-11472,5664,11696,196,219,-369,200835,1540453754379
-18560,7232,-3072,-11472,5648,11744,216,305,-375,200855,1540453754426
-18112,6592,-3200,-11408,5840,11840,221,399,-404,200875,1540453754430
-18176,5952,-2944,-11456,5712,11872,204,512,-455,200895,1540453754477
-17728,5120,-2368,-11424,5664,12000,124,619,-526,200915,1540453754480
-16448,4480,-1792,-11408,5680,12016,-28,538,-520,200935,1540453754528
-16384,4544,-5376,-11296,5696,12112,-501,-228,-117,200995,1540453754531
-17984,5504,-5504,-11312,5712,12096,-420,-91,-53,201015,1540453754582
-18560,7040,-4928,-11216,5840,12112,-124,168,-103,201035,1540453754634
-14784,6976,-2752,-11200,5840,12240,525,493,-502,201075,1540453754637
-12864,5568,-2176,-11264,5776,12304,648,397,-508,201095,1540453754687
-12096,4416,-1600,-11264,5552,12528,666,196,-500,201115,1540453754689
-14336,1408,-3584,-11312,5216,12832,401,-150,-495,201155,1540453754693
-16448,576,-4736,-11360,5024,12944,144,-250,-380,201175,1540453754741
-21120,2688,-5952,-11408,4992,13088,57,256,-233,201215,1540453754793
-19520,2752,-6208,-11536,5120,13136,80,410,-205,201235,1540453754844
-16512,2560,-6400,-11552,5216,13152,114,340,-143,201255,1540453754847
-14912,2176,-5760,-11664,5280,13200,132,241,-21,201275,1540453754849
-14016,1728,-4608,-11744,5312,13168,170,152,80,201295,1540453754894
-12992,832,-3264,-11808,5152,13344,180,-38,105,201335,1540453754897
-12864,512,-3200,-11696,5104,13360,137,-169,57,201355,1540453754948
-13888,640,-3008,-11648,4896,13424,77,-272,31,201375,1540453754998
-14720,1024,-3328,-11600,4896,13472,61,-357,-3,201395,1540453755002
-15872,1600,-3712,-11600,4768,13552,45,-413,-12,201415,1540453755005
-17856,1920,-3968,-11632,4720,13616,83,-378,-42,201455,1540453755106
-18624,1920,-4288,-11760,4688,13584,78,-338,-77,201475,1540453755109
-19008,1920,-4352,-11904,4768,13664,104,-137,-128,201515,1540453755160
-18752,1792,-4160,-12048,4912,13664,88,-40,-120,201535,1540453755163
-18880,1664,-3904,-12096,4864,13664,87,68,-98,201555,1540453755210
-18432,1664,-3648,-12128,4960,13712,63,151,-79,201575,1540453755213
-18048,1344,-3648,-12160,4896,13696,51,252,-67,201595,1540453755259
-17216,1280,-3840,-12128,5056,13760,-5,295,-69,201615,1540453755263
-16448,960,-4032,-12144,4912,13744,-41,281,-52,201635,1540453755312
-15872,1408,-4096,-12112,4928,13824,-45,238,9,201655,1540453755315
-15424,2176,-3968,-12032,5104,13808,-26,170,150,201695,1540453755364
-15360,2496,-3968,-12048,5024,13808,7,103,191,201715,1540453755366
-15296,2560,-3712,-12000,5152,13904,8,59,222,201735,1540453755370
-15872,2496,-3712,-12064,5040,13904,18,55,293,201755,1540453755415
-16512,2496,-3520,-11968,5024,13936,32,43,351,201775,1540453755467
-17024,2816,-3264,-11936,5008,13952,61,76,399,201795,1540453755470
-17984,2880,-3072,-11856,4976,14048,100,161,399,201815,1540453755518
-18688,2752,-2624,-11744,4880,14032,158,327,350,201835,1540453755520
-18496,2048,-2432,-11568,4816,14176,177,540,159,201875,1540453755523
-17600,1792,-2368,-11520,4768,14288,137,468,50,201895,1540453755569
-16576,1600,-2816,-11536,4800,14368,18,141,192,201915,1540453755572
-19968,1856,-5312,-11680,4960,14400,-275,160,-120,201955,1540453755673
-21824,3648,-5504,-11808,5184,14400,-238,509,-324,201975,1540453755676
-21760,4608,-4224,-11824,5280,14368,-203,804,-302,201995,1540453755729
-19392,4736,-4800,-11728,5456,14416,-178,950,-308,202015,1540453755732
-16128,4608,-4864,-11664,5472,14464,-124,948,-162,202055,1540453755778
-10816,2496,-3712,-11520,5424,14528,-599,338,192,202155,1540453755780
-11328,3456,-3776,-11504,5568,14576,-718,116,227,202175,1540453755829
-12544,4288,-4224,-11424,5680,14480,-848,-89,313,202195,1540453755880
-16640,6784,-4864,-10928,5824,14432,-905,-195,463,202235,1540453755882
-18112,7616,-4800,-10720,5888,14400,-807,-82,477,202255,1540453755930
-19136,7872,-3584,-10432,5888,14352,-686,181,427,202275,1540453755981
-18368,7168,-2944,-10352,5920,14336,-551,423,402,202295,1540453755984
-16000,5760,-2560,-10144,5936,14272,-492,520,303,202315,1540453756032
-14080,5120,-2560,-10032,5968,14192,-518,441,254,202335,1540453756035
-14144,6720,-2112,-9872,6448,13936,-697,-33,-121,202415,1540453756084
-14208,7744,-2432,-9872,6720,13840,-617,-60,-173,202435,1540453756086
-14720,7744,-2496,-9920,6800,13760,-502,-104,-220,202455,1540453756134
-15232,8192,-2496,-9904,7040,13728,-408,-161,-247,202475,1540453756186
-15616,8512,-2688,-9952,6960,13744,-302,-196,-207,202495,1540453756237
-16704,8896,-2560,-10048,6880,13728,-33,-161,-147,202535,1540453756240
-17472,9088,-2240,-10064,6928,13760,99,-104,-149,202555,1540453756243
-17856,7104,-2496,-10192,6480,13856,235,6,-201,202615,1540453756287
-18176,6400,-2496,-10256,6464,13904,243,88,-235,202635,1540453756289
-18496,6080,-2304,-10384,6336,13904,256,201,-242,202655,1540453756341
-18240,5120,-2112,-10528,6320,13952,274,300,-278,202675,1540453756449
-17344,4224,-2240,-10624,6208,13920,232,382,-349,202695,1540453756452
-16384,3136,-2048,-10832,6352,13936,184,436,-431,202715,1540453756499
-12864,1856,-1280,-11280,6256,13936,-75,108,-297,202775,1540453756502
-12288,1920,-2048,-11376,6304,13920,-217,-137,-213,202795,1540453756551
-13184,2432,-2304,-11328,6160,13952,-323,-387,-148,202815,1540453756553
-17152,4480,-4864,-11136,5984,13936,-520,-800,-67,202855,1540453756603
-21696,6272,-7680,-10944,5936,13808,-399,-665,-198,202895,1540453756605
-22912,7040,-6464,-10880,5856,13808,-141,-229,-218,202915,1540453756608
-18432,4032,-2880,-10768,5568,13792,474,678,-413,202975,1540453756654
-16064,1792,-3712,-10736,5328,13840,414,689,-530,202995,1540453756657
-13952,-384,-4672,-10720,5232,13952,218,612,-520,203015,1540453756706
-12608,-1920,-5184,-10624,5200,13984,-103,315,-85,203035,1540453756709
-12736,-2112,-5888,-10592,5152,13952,-409,133,63,203055,1540453756758
-14272,-1216,-7232,-10464,5152,13856,-603,38,167,203075,1540453756762
-14848,512,-8512,-10432,5200,13808,-646,-80,101,203095,1540453756765
-16064,3712,-9216,-10288,5360,13552,-520,-96,75,203135,1540453756809
-16192,4416,-7552,-10304,5472,13584,-301,-64,-41,203155,1540453756811
-16000,4288,-6464,-10256,5392,13520,-77,-32,-15,203175,1540453756862
-15040,2944,-5760,-10224,5456,13552,-16,-3,27,203195,1540453756914
-14016,1792,-4672,-10160,5392,13584,-84,-90,38,203235,1540453756965
-14080,2112,-4160,-10192,5280,13552,-67,-104,-53,203255,1540453756968
-14400,2432,-4288,-10176,5280,13568,-66,-138,-81,203275,1540453756972
-14912,2688,-4736,-10224,5248,13552,-63,-229,23,203315,1540453757018
-15552,3136,-5248,-10272,5232,13520,-36,-229,49,203335,1540453757021
-16128,3456,-5376,-10304,5248,13488,0,-243,41,203355,1540453757070
-16576,4032,-5376,-10288,5248,13488,90,-237,10,203375,1540453757120
-16704,4544,-5760,-10336,5232,13552,183,-215,-67,203395,1540453757122
-17984,5184,-5824,-10464,5136,13600,377,-104,-160,203435,1540453757125
-17792,3136,-6592,-10480,5072,13760,495,118,-193,203495,1540453757170
-17344,2304,-6080,-10432,5088,13936,578,314,-93,203535,1540453757279
-16896,1856,-5824,-10496,5040,13984,1127,450,-653,203555,1540453757282
-13632,-320,-6464,-10560,5072,14256,1298,-24,-1118,203575,1540453757329
-14336,-7424,-7936,-10528,5072,14416,-397,145,485,203615,1540453757331
-12096,-2624,-4864,-10544,4960,14384,-388,68,605,203635,1540453757380
-16896,1600,-2880,-10464,4784,14224,-125,128,365,203675,1540453757488
-16448,896,-3328,-10320,4608,14144,-313,221,319,203715,1540453757491
-17408,3264,-4480,-10240,4608,14064,-293,235,420,203755,1540453757537
-18304,4352,-4736,-10128,4608,14000,-234,276,411,203775,1540453757593
-18880,4800,-5376,-10128,4624,13952,-200,294,362,203795,1540453757595
-19136,5440,-6400,-9984,4624,13936,-169,218,314,203815,1540453757598
-21440,5568,-8640,-9904,4608,13840,-119,303,251,203855,1540453757698
-22656,5568,-6976,-9808,4576,13872,-86,677,146,203875,1540453757701
-18688,4352,-5824,-9680,4608,13824,28,1436,-261,203915,1540453757748
-13440,4096,-7488,-9360,4624,13856,2,1288,-306,203955,1540453757751
-11200,3392,-7104,-9104,4896,13824,757,715,-496,203995,1540453757754
-11840,-4928,-7424,-9040,4992,14032,-600,370,861,204035,1540453757799
-10112,-192,-4480,-8832,4976,13952,-894,41,139,204055,1540453757852
-14080,2816,-4224,-8816,4960,13872,-721,183,-189,204075,1540453757903
-15104,3776,-2624,-8864,4928,13744,-733,170,-263,204095,1540453757952
-14592,3136,-4160,-8976,4800,13632,-880,101,-176,204115,1540453757954
-18688,9472,-4928,-8992,5008,12960,-593,469,61,204215,1540453757957
-17728,9728,-4480,-8960,5008,12816,-437,534,-10,204235,1540453758004
-14528,8896,-4672,-8912,5104,12720,-239,423,-272,204275,1540453758006
-13888,8896,-4224,-8880,5120,12752,-146,305,-286,204295,1540453758053
-13952,9216,-4224,-8928,5168,12672,-15,175,-248,204315,1540453758056
-14976,9536,-4544,-8960,5200,12736,160,138,-273,204335,1540453758103
-15872,9344,-4352,-8976,5328,12704,262,122,-245,204355,1540453758106
-16640,8448,-3648,-9168,5408,12816,1555,313,-341,204395,1540453758155
-13376,7552,-3072,-9280,5440,13040,721,-1180,1224,204415,1540453758158
-20672,-7040,4224,-9232,5360,13184,-217,25,2079,204435,1540453758162
-13504,-7744,-7936,-9056,5360,13136,-731,-351,778,204455,1540453758209
-14464,-640,-2304,-8880,5392,13024,-699,-12,-182,204475,1540453758211
-19968,2240,-3200,-8928,5456,12960,-620,308,-700,204495,1540453758261
-19200,3136,-1792,-8944,5488,12896,-705,473,-761,204515,1540453758263
-17408,4096,-3648,-9088,5408,12816,-812,499,-494,204535,1540453758313
-15360,7296,-3392,-9072,5408,12608,-482,107,-45,204575,1540453758315
-15744,7104,-3520,-8960,5456,12528,-368,4,-44,204595,1540453758320
-16640,6336,-3584,-9056,5376,12496,-317,43,-139,204615,1540453758364
-17600,7872,-4096,-9072,5360,12448,-194,244,-740,204655,1540453758366
-19712,10624,-3392,-9264,5440,12400,148,502,-787,204695,1540453758416
-20032,11392,-1792,-9360,5536,12416,626,708,-748,204715,1540453758418
-16384,-4224,5632,-9568,5664,12912,11,-296,829,204755,1540453758521
-17024,-5248,-8256,-9504,5712,12880,-147,22,860,204775,1540453758523
-13568,-2624,-4864,-9248,5872,12928,-590,-512,-109,204795,1540453758571
-18752,0,-5184,-9280,5808,12848,-416,-190,-586,204815,1540453758574
-20288,1600,-2624,-9392,5776,12752,-294,158,-637,204835,1540453758626
-17408,2176,-2048,-9488,5664,12656,57,722,-392,204875,1540453758629
-15680,768,-2624,-9584,5584,12656,111,696,-378,204895,1540453758730
-14336,-832,-4288,-9584,5360,12672,-125,639,-567,204935,1540453758733
-14656,-256,-4800,-9648,5232,12640,-248,529,-794,204955,1540453758783
-17344,4800,-6144,-9904,5184,12448,-189,284,-222,205035,1540453758835
-16512,3072,-5824,-9872,5200,12448,285,178,207,205075,1540453758887
-14016,-256,-6272,-9760,5216,12688,799,-253,-1281,205115,1540453758939
-11264,-13760,-1536,-9920,5168,12848,-812,-98,910,205135,1540453758989
-15104,-3328,-1664,-9760,5264,12624,-349,-87,457,205175,1540453759042
-16256,-448,-2752,-9872,5280,12448,-172,182,-563,205235,1540453759097
-14720,0,-3200,-10032,5264,12352,-164,-40,-542,205255,1540453759148
-16896,2816,-3648,-10288,5216,12288,-141,-402,194,205315,1540453759200
-18176,3584,-3520,-10256,5152,12256,56,-124,70,205355,1540453759251
-17792,3584,-3776,-10224,5104,12240,166,-61,-71,205375,1540453759300
-17280,4096,-4480,-10256,5152,12240,316,-57,-155,205395,1540453759303
-17152,4608,-4288,-10240,5184,12320,476,-27,-100,205415,1540453759404
-17920,-384,-3264,-10176,5232,12816,1391,-14,331,205495,1540453759507
-15232,-10048,-2688,-10080,5280,13072,677,-355,230,205515,1540453759510
-20672,-14976,320,-10096,5376,13168,-699,162,1694,205535,1540453759513
-16384,-7808,-4736,-10000,5280,13072,-626,204,514,205555,1540453759560
-16448,-1664,-2368,-9856,5184,12832,-577,234,-185,205575,1540453759564
-18624,2496,-2496,-9888,5120,12656,-283,525,-70,205615,1540453759609
-15744,2112,-3456,-9792,4928,12544,-122,449,-130,205695,1540453759659
-16384,2688,-3840,-9744,4896,12576,-94,323,-141,205715,1540453759767
-16640,3392,-4608,-9712,4912,12512,-52,139,-105,205735,1540453759820
-17792,3584,-5504,-9792,4848,12512,-55,-9,2,205755,1540453759924
-19392,3904,-5632,-9776,4960,12544,-4,10,85,205775,1540453759927
-20352,4480,-4672,-9792,4848,12528,137,266,-14,205795,1540453759975
-18112,3904,-4032,-9664,4800,12624,452,790,-289,205835,1540453759980
-16192,3264,-4672,-9616,4784,12640,511,763,-330,205855,1540453759983
-15296,2560,-4800,-9600,4736,12704,518,541,-126,205875,1540453760029
-13504,1088,-4480,-9584,4816,12816,464,369,-90,205895,1540453760032
-13504,1024,-4224,-9520,4864,12864,659,130,250,205915,1540453760078
-15296,-3840,-1664,-9520,4976,12992,475,78,587,205935,1540453760083
-16448,-3776,-2944,-9536,4960,13088,-97,291,933,205955,1540453760134
-16896,-5888,-2560,-9408,4928,13072,-400,377,322,205975,1540453760136
-14272,-704,-3072,-9360,4816,12944,-567,223,-245,206015,1540453760188
-14336,896,-2880,-9360,4784,12912,-700,5,-301,206035,1540453760236
-14016,1728,-3264,-9456,4800,12768,-792,-267,-98,206055,1540453760339
-15040,3264,-5120,-9488,4768,12640,-795,-397,161,206075,1540453760342
-16704,5312,-5632,-9504,4720,12480,-690,-333,285,206095,1540453760345
-18752,7040,-4800,-9520,4736,12464,-444,-105,237,206115,1540453760449
-19776,8064,-3008,-9552,4768,12384,-86,144,7,206135,1540453760556
-18752,8064,-3200,-9520,4688,12304,178,231,-99,206155,1540453760559
-16320,6400,-4480,-9584,4688,12400,265,17,63,206195,1540453760606
-16960,6464,-4416,-9536,4752,12448,299,42,116,206215,1540453760709
-18240,4672,-3776,-9520,4768,12544,270,207,284,206255,1540453760759
-17920,-11456,8960,-9344,5168,12912,-1011,-136,2443,206315,1540453760810
-16384,-7168,-7488,-9184,5152,12816,-787,70,711,206335,1540453760917
-19328,3776,-3264,-9056,5040,12544,-578,450,-698,206375,1540453760922
-18112,4992,-1728,-9120,5136,12400,-449,567,-931,206395,1540453760926
-14272,6272,-3456,-9360,5120,12256,-370,250,-404,206435,1540453761127
-14976,6720,-3008,-9440,5024,12192,-93,-174,-230,206475,1540453761129
-16640,6528,-3328,-9504,4928,12256,21,-167,-196,206495,1540453761176
-18944,6976,-3904,-9616,4816,12240,303,126,-320,206555,1540453761287
-19072,7296,-3648,-9728,4784,12272,420,279,-394,206575,1540453761337
-14464,2112,-3584,-9808,4896,12624,1327,-296,-468,206655,1540453761340
-20224,-5824,-5824,-10000,4960,12928,-382,-248,1298,206695,1540453761388
-21248,4416,-2496,-9824,4832,12672,117,106,-209,206735,1540453761493
-14784,1536,-2304,-10240,4320,12896,327,618,-970,206835,1540453761544
-14080,1984,-2304,-10304,4256,12928,354,534,-889,206855,1540453761548
-15808,4416,-7104,-10512,4000,13072,551,143,-299,206915,1540453761600
-17984,5376,-7040,-10480,3920,13088,751,243,-189,206935,1540453761602
-14848,-512,-5824,-10576,3968,13440,1464,111,-38,207015,1540453761650
-15168,-10624,-7040,-10544,3792,13584,-64,134,988,207055,1540453761702
-15680,-1920,-4416,-10288,3696,13552,-118,204,-87,207095,1540453761753
-14208,512,-4032,-10256,3520,13536,-145,-54,182,207155,1540453761757
-15808,3456,-4672,-10288,3296,13568,314,-315,-121,207215,1540453761805
-19008,4352,-4800,-10624,3088,13648,693,-99,-288,207295,1540453761856
-19136,4544,-4864,-10688,3104,13776,821,31,-297,207315,1540453761905
-17856,4032,-4800,-10768,3056,13824,954,71,-243,207335,1540453761909
-16960,2304,-4288,-10880,3120,13888,1481,121,-85,207355,1540453761959
-15744,-6336,-1472,-11056,3168,13984,735,-308,934,207375,1540453761963
-13184,-5312,-3776,-10960,3072,14048,-89,-230,-152,207415,1540453762167
-14720,576,-4224,-11024,2464,14096,75,-188,-103,207515,1540453762169
-17280,1088,-4160,-11136,2336,14048,-21,-424,191,207555,1540453762172
-19072,3712,-6144,-11296,2192,14032,224,153,-113,207655,1540453762219
-18944,3520,-6848,-11360,2176,14016,223,88,288,207695,1540453762269
-19712,3008,-6720,-11424,2176,14048,259,246,430,207715,1540453762376
-18624,-768,-3328,-11568,2176,14144,-335,-7,2210,207755,1540453762379
-18880,-8640,-6016,-11392,2256,14112,-639,666,1074,207775,1540453762428
-16576,-2560,-5888,-11136,2416,14000,-866,1117,-1275,207815,1540453762481
-16128,1024,-5824,-11120,2416,14016,-851,1000,-706,207835,1540453762531
-14400,2688,-6464,-10976,2448,13936,-974,620,266,207855,1540453762582
-12864,3520,-7104,-10864,2512,13856,-1094,246,972,207875,1540453762632
-13312,4544,-6784,-10672,2640,13744,-960,124,983,207895,1540453762682
-15040,5504,-6400,-10624,2720,13728,-904,190,595,207915,1540453762734
-17536,7424,-5632,-10448,2912,13600,-690,474,-93,207955,1540453762738
-16960,8256,-4800,-10384,3136,13424,-439,515,220,208015,1540453762783
-15616,-192,-3072,-10384,3504,13440,-640,483,1290,208095,1540453762888
-11968,-2560,-5440,-10336,3632,13312,-920,308,387,208115,1540453762941
-12032,-64,-3456,-10208,3728,13312,-1096,270,-189,208135,1540453762945
-14784,3712,-4160,-10080,3888,12976,-958,304,-435,208195,1540453762992
-18496,8704,-2880,-9968,4256,12480,-462,-80,-166,208315,1540453762994
-17792,8896,-2624,-10016,4224,12432,-115,-12,-98,208355,1540453763097
-17728,8256,-2880,-10096,4272,12384,-3,2,-16,208375,1540453763100
-19136,5056,-3456,-10160,4256,12592,436,469,-52,208495,1540453763148
-16064,1216,-1280,-10352,4512,12848,593,670,-286,208555,1540453763151
-14720,1088,-1536,-10320,4448,12992,290,442,-24,208575,1540453763153
-15616,1216,-5504,-10272,4304,12880,-426,-460,-341,208655,1540453763200
-18560,4096,-3968,-10176,3984,12688,193,73,-73,208715,1540453763254
-17408,3456,-4416,-10160,3984,12704,319,173,-478,208735,1540453763302
-16384,2624,-4416,-10224,3840,12720,352,270,-706,208755,1540453763353
-16192,5440,-6848,-10352,3632,12752,369,215,131,208935,1540453763403
-15296,4416,-6528,-10272,3648,12800,472,140,180,208955,1540453763509
-14912,1856,-5376,-10176,3664,12944,596,-10,167,208995,1540453763559
-14656,-2560,-5312,-10256,3696,13152,-637,-167,274,209075,1540453763562
-16704,1216,-4672,-10304,3696,12960,-421,-110,322,209095,1540453763613
-17984,1984,-4544,-10352,3744,12912,-281,4,29,209115,1540453763667
-16768,3904,-5952,-10640,3520,12752,142,-188,-379,209215,1540453763670
-18112,4224,-4608,-10976,3408,12928,742,217,-317,209315,1540453763769
-17280,2432,-4288,-11008,3632,13072,807,186,-27,209335,1540453763773
-16192,-384,-4736,-11008,3680,13184,1225,234,-230,209355,1540453763872
-18944,-10240,-7424,-11264,4080,13648,-378,266,1317,209395,1540453763875
-12672,-5376,-4224,-10816,3872,13456,-323,214,-320,209435,1540453763922
-17728,1088,-2816,-10912,3504,13360,-87,329,-164,209475,1540453764179
-15872,1408,-3712,-10864,3504,13264,-172,233,220,209495,1540453764230
-16064,2880,-3776,-10896,3152,13216,109,109,-105,209555,1540453764232
-16384,3008,-3776,-10864,2976,13264,386,19,100,209615,1540453764235
-17408,2112,-3648,-10928,2992,13280,419,49,211,209635,1540453764280
-18496,192,-3968,-10864,3008,13360,350,158,134,209675,1540453764334
-18880,-640,-4480,-10912,2944,13312,252,192,29,209695,1540453764384
-18944,-1088,-5184,-10864,2960,13424,121,153,-11,209715,1540453764435
-20608,-704,-6464,-10880,2992,13456,-159,295,181,209755,1540453764438
-13056,2368,-5888,-10176,3184,13392,-31,620,-139,209895,1540453764486
-12480,-960,-3264,-10032,3232,13536,-223,421,355,209935,1540453764489
-11968,-2112,-2688,-10032,3296,13440,-632,214,263,209975,1540453764592
-13120,320,-5312,-10064,3264,13168,-1234,-415,227,210015,1540453764595
-15488,3072,-7232,-10128,3248,13056,-1439,-625,371,210035,1540453764642
-19584,6144,-8384,-10128,3296,12832,-1490,-512,576,210055,1540453764693
-14592,4736,-2944,-9920,3680,12368,-334,544,526,210155,1540453764748
-13376,2560,-2944,-9712,3872,12288,-530,-74,389,210215,1540453764800
-14912,3008,-3136,-9728,3888,12192,-579,-148,371,210235,1540453764802
-15808,3904,-3776,-9680,4096,12032,-501,-131,188,210275,1540453764851
-15680,4288,-4288,-9776,4048,11808,-439,-232,-199,210375,1540453764901
-15872,4416,-4544,-9792,4160,11728,-443,-269,-243,210395,1540453764954
-16512,5120,-4672,-9888,4080,11680,-349,-223,-364,210435,1540453764957
-18112,6400,-5376,-10144,4080,11504,-321,-174,21,210515,1540453765004
-19008,6528,-5184,-10112,4080,11520,-283,-3,35,210535,1540453765007
-18944,6784,-4800,-10160,4112,11456,-59,424,-184,210575,1540453765055
-14400,3712,-2816,-10064,4160,11408,-113,342,75,210655,1540453765104
-17408,6016,-7936,-9984,4192,11200,-377,-365,448,210715,1540453765106
-20416,8192,-7488,-9968,4272,11168,-60,20,442,210735,1540453765108
-22208,8960,-5312,-9984,4272,11104,372,487,175,210755,1540453765215
-20160,7936,-5248,-9952,4336,11136,727,837,-235,210775,1540453765266
-17408,3712,-7488,-10176,4304,11680,1287,-2,363,210875,1540453765270
-18496,2496,-7424,-10160,4320,11808,1415,25,595,210895,1540453765369
-17472,-1088,-6144,-10256,4320,12000,1904,-205,1017,210915,1540453765372
-20544,-11904,-5248,-10304,4240,12176,180,38,2135,210935,1540453765375
-17152,-11008,-5824,-10048,4336,12208,-433,368,603,210955,1540453765378
-20224,-4224,-5056,-9920,4432,12208,-486,992,-264,210975,1540453765419
-14784,-384,-6336,-9696,4528,12016,-650,1288,-352,211015,1540453765470
-11968,2816,-4352,-9264,4304,11872,-226,-260,-13,211095,1540453765472
-14720,3328,-3328,-9408,4272,11808,-235,-406,-321,211135,1540453765521
-16000,4096,-3648,-9584,4304,11760,-296,-396,-353,211175,1540453765574
-17408,8896,-4224,-9872,4384,11712,669,117,-88,211295,1540453765627
-16896,7488,-4416,-9920,4384,11792,788,105,217,211315,1540453765630
-16640,3200,-3264,-9936,4512,11984,1884,46,-170,211355,1540453765681
-13440,-1472,-3840,-10112,4640,12304,85,-699,1619,211375,1540453765683
-17024,64,-2752,-9728,4512,12096,-288,687,-828,211435,1540453765733
-18624,2496,-1344,-9792,4640,12048,-237,651,-689,211455,1540453765785
-15936,4800,-4160,-9728,4320,11904,-246,138,310,211515,1540453765789
-18112,5248,-3072,-9568,4256,11792,-91,395,-78,211555,1540453765885
-17920,6656,-4928,-9568,4320,11712,-65,293,103,211615,1540453765936
-17664,8384,-4928,-9440,4224,11664,229,672,-270,211675,1540453765985
-16768,8384,-5376,-9472,4304,11680,408,677,-281,211695,1540453766037
-14912,10112,-3840,-9264,4256,11120,-361,135,-315,211955,1540453766041
-16832,12544,-3520,-9328,4272,11136,-101,45,-91,211995,1540453766087
-17344,12416,-3840,-9408,4208,11040,83,101,-58,212015,1540453766136
-17408,12416,-3968,-9408,4256,11040,294,252,-105,212035,1540453766188
-17408,12288,-4288,-9392,4272,11088,506,358,-177,212055,1540453766243
-15616,11008,-4224,-9456,4272,11200,850,305,-184,212095,1540453766347
-14208,6272,-2688,-9568,4480,11552,2465,-183,108,212155,1540453766350
-12224,-6144,-4288,-9168,4416,11824,-732,-152,-767,212215,1540453766397
-15552,1920,-2048,-9296,4512,11712,-470,383,-1160,212235,1540453766449
-19136,6656,-1280,-9408,4432,11712,-331,429,-1055,212255,1540453766498
-16448,8512,-1664,-9376,4400,11600,-224,339,-512,212275,1540453766550
-13248,9344,-3456,-9472,4288,11568,320,-493,-202,212335,1540453766553
-16384,8064,-3456,-9664,4240,11680,522,-451,-424,212375,1540453766555
-18432,7744,-3712,-9824,4176,11872,677,-263,-403,212415,1540453766600
-18432,6912,-3840,-10000,4128,12000,694,27,-505,212455,1540453766760
-14784,-128,1472,-10464,4208,12544,705,-510,1645,212535,1540453766762
-15744,-5248,-1216,-10288,4352,12720,-474,-47,200,212575,1540453766814
-18048,-2496,-192,-10256,4304,12624,-773,331,-832,212595,1540453766914
-19008,2176,-704,-10240,4368,12624,-834,632,-1483,212615,1540453766917
-16832,9152,-5824,-10448,4288,12208,-537,16,-217,212675,1540453766920
-17344,8640,-4160,-10448,4304,12144,277,-107,-198,212715,1540453767019
-17792,6208,-4800,-10560,4240,12192,665,131,-859,212755,1540453767070
-18304,5952,-4928,-10560,4160,12352,771,232,-904,212775,1540453767075
-18880,5568,-4992,-10784,4080,12400,828,328,-739,212795,1540453767121
-18112,3328,-6016,-10880,3840,12848,760,600,-392,212855,1540453767124
-17472,2176,-5056,-10960,3824,12976,787,619,-140,212875,1540453767171
-15936,64,-3584,-10960,3840,13104,1139,834,43,212895,1540453767222
-16128,-8128,0,-11088,3824,13280,668,206,690,212915,1540453767224
-12864,-2496,-3136,-10976,3952,13440,-323,214,-909,212995,1540453767227
-13312,960,-2432,-10928,3856,13312,-241,-186,-472,213035,1540453767275
-13632,64,-3392,-10976,3840,13264,-184,-321,-441,213055,1540453767326
-16896,-384,-4288,-11216,3744,13136,-330,-487,-628,213115,1540453767330
-17856,192,-4800,-11376,3792,13072,-283,-307,-658,213135,1540453767382
-19136,2688,-3904,-11424,3776,13008,-125,-145,-530,213155,1540453767384
-20480,3840,-3200,-11536,3888,13024,89,62,-326,213175,1540453767487
-18816,3200,-4160,-11600,3824,13104,724,310,-228,213215,1540453767490
-16000,-7232,-1216,-11680,3792,13280,-202,-81,1170,213255,1540453767593
-16064,-7552,-6016,-11584,3872,13264,-368,-143,560,213275,1540453767642
-19328,-2368,-2816,-11504,3952,13136,-353,395,-100,213315,1540453767698
-16640,0,-3968,-11440,4000,13088,-218,497,65,213355,1540453767805
-14016,1088,-4224,-11328,4048,13056,-155,18,475,213395,1540453767808
-14720,1536,-3584,-11232,4128,13008,-104,-140,452,213415,1540453767910
-16512,2432,-2624,-11216,4016,12928,-93,-157,344,213455,1540453767961
-17216,3136,-2304,-11184,4080,12928,-51,-122,247,213475,1540453767966
-18304,4800,-2240,-11200,4080,12896,165,24,95,213515,1540453768068
-18688,4928,-2560,-11232,4096,12928,338,101,43,213535,1540453768070
-18304,1088,-2752,-11328,4048,13056,450,152,181,213575,1540453768073
-19200,-1792,-4736,-11248,4224,13120,-1003,234,-88,213675,1540453768118
-19904,4480,-3392,-11072,4384,12832,-652,695,-181,213715,1540453768122
-16128,5184,-5440,-10896,4512,12592,-211,713,-186,213775,1540453768223
-14208,5568,-4416,-10880,4528,12560,59,451,-238,213815,1540453768226
-14144,5888,-4608,-10816,4560,12624,192,325,-168,213835,1540453768228
-14272,6656,-4224,-10912,4480,12736,416,26,22,213875,1540453768275
-15360,6656,-4736,-10912,4448,12800,463,-61,113,213895,1540453768279
-17472,5504,-4224,-11008,4528,12896,708,-72,245,213935,1540453768281
-15616,-3392,-2944,-10816,4608,13072,-712,695,-81,214015,1540453768325
-14208,2560,-1920,-10608,4688,12928,-687,680,24,214055,1540453768376
-15744,8704,-2816,-10480,4896,12384,-182,-357,117,214155,1540453768380
-17792,9216,-3840,-10560,4960,12320,160,-292,-24,214195,1540453768432
-18304,8064,-3200,-10592,4960,12432,476,-173,208,214235,1540453768434
-17472,6272,-3328,-10640,4848,12544,571,-149,279,214255,1540453768483
-15488,-6336,-128,-10928,5024,12944,-70,-405,708,214315,1540453768485
-18112,-5632,-5184,-10880,4944,12944,-600,57,561,214335,1540453768536
-14784,-1536,-3520,-10704,5120,12832,-833,-146,-183,214355,1540453768588
-18752,2112,-3648,-10800,5024,12752,-712,130,-295,214375,1540453768590
-17216,6592,-2816,-10704,5264,12096,-374,456,-315,214515,1540453768643
-16704,7296,-2112,-10752,5344,12048,-284,466,-231,214555,1540453768692
-16512,8640,-2304,-10768,5424,12016,-193,439,-247,214595,1540453768742
-19712,-1344,-6848,-11024,5584,12336,-548,148,1247,214675,1540453768746
-16640,-2624,-6848,-10848,5584,12336,-588,-199,302,214695,1540453768793
-14848,1856,-3008,-10784,5552,12144,-211,240,77,214715,1540453768847
-20352,4928,-1792,-10704,5552,12192,94,519,-320,214735,1540453768849
-14976,3904,-5824,-10576,5264,12304,-204,178,63,214855,1540453768900
-16448,5312,-6528,-10576,5312,12304,-96,155,47,214875,1540453768951
-17280,6528,-6720,-10528,5328,12240,116,173,-38,214895,1540453769003
-17408,7616,-6976,-10480,5328,12304,394,186,-111,214915,1540453769005
-16768,8128,-6720,-10432,5296,12480,676,211,-193,214935,1540453769056
-15040,6848,-5440,-10480,5120,12800,1320,245,-454,214975,1540453769110
-14848,384,-2176,-10592,5104,13456,2019,34,-949,215015,1540453769113
-14976,-13632,5440,-10816,5088,13632,-3,-754,1420,215035,1540453769116
-14848,-6592,-1920,-10736,5136,13680,-283,-120,36,215075,1540453769159
-17472,-4544,-1536,-10704,5024,13616,-279,192,-670,215095,1540453769265
-17088,-1088,-896,-10688,4976,13488,-289,311,-1002,215115,1540453769317
-15936,1152,-1600,-10736,4848,13408,-208,240,-892,215135,1540453769424
-14912,2176,-3200,-10848,4816,13360,-379,-206,-94,215155,1540453769427
-17856,3520,-3328,-10912,4752,13120,49,-327,-180,215235,1540453769429
-17280,3456,-3584,-11056,4752,13136,84,-147,-201,215275,1540453769474
-16896,4928,-3648,-11264,4896,13200,266,-80,85,215335,1540453769477
-16192,-5632,-4096,-11456,4976,13600,-376,104,789,215415,1540453769525
-17472,3904,-1536,-11280,4864,13280,-106,312,-1,215495,1540453769578
-16448,4288,-3200,-11232,4784,13280,29,-60,-1,215575,1540453769628
-19648,5824,-6016,-11312,4752,13248,126,-152,46,215615,1540453769630
-23808,7488,-5312,-11328,4800,13376,466,521,-207,215655,1540453769681
-15936,2432,-4672,-11408,4640,13968,939,739,4,215735,1540453769684
-16384,-2880,-3200,-11360,4640,14128,63,756,703,215755,1540453769734
-13632,1280,-2944,-11120,4512,14208,-156,421,-301,215815,1540453769736
-14656,2368,-1792,-11088,4464,14240,-224,358,-264,215835,1540453769785
-14336,2752,-2496,-11088,4320,14224,-356,231,-145,215855,1540453769893
-14336,4224,-3840,-11056,4320,14160,-339,105,-157,215875,1540453769896
-16256,6976,-5248,-11072,4256,14064,-222,64,-377,215915,1540453769999
-17024,9792,-5056,-11296,4240,14032,469,-114,-281,215975,1540453770002
-17088,8384,-4096,-11376,4128,14144,676,-114,-13,215995,1540453770004
-16448,6016,-3584,-11424,4144,14160,743,-149,197,216015,1540453770050
-15552,3456,-2944,-11584,4080,14320,683,-205,303,216035,1540453770055
-15296,2368,-1664,-11744,4000,14352,1591,-8,-575,216055,1540453770098
-12224,-7488,-8128,-11856,3936,14544,-473,-154,999,216095,1540453770206
-17536,1408,-2240,-11680,4112,14368,-754,79,-46,216135,1540453770209
-18240,4032,-1024,-11568,4336,14256,-701,96,-60,216155,1540453770258
-17024,5184,-2688,-11568,4288,14208,-661,40,170,216175,1540453770260
-16320,5824,-3904,-11456,4448,14144,-593,-92,315,216195,1540453770264
-16448,6528,-4096,-11488,4368,14080,-421,-118,154,216215,1540453770309
-17024,6848,-3968,-11424,4400,14016,-252,-102,-40,216235,1540453770359
-17920,6848,-3264,-11488,4416,13920,144,120,-302,216295,1540453770409
-17664,6400,-3392,-11520,4384,14016,202,139,-339,216315,1540453770412
-17664,5824,-3712,-11600,4352,13952,196,128,-323,216335,1540453770463
-18432,5696,-3776,-11728,4224,14080,252,181,-242,216375,1540453770516
-18880,3520,-2944,-11792,4176,14192,276,320,-38,216415,1540453770623
-16064,-2944,-2880,-11888,4128,14416,-568,389,-246,216495,1540453770626
-17152,-320,-704,-11808,4256,14384,-561,597,-426,216515,1540453770729
-17600,1984,256,-11712,4128,14336,-572,633,-507,216535,1540453770886
-16832,2624,-1216,-11584,4144,14256,-736,441,-335,216555,1540453770937
-20416,7808,-3264,-11552,4368,13904,-226,317,84,216635,1540453770986
-20416,7744,-2368,-11472,4352,13952,85,681,-188,216655,1540453770988
-17600,6912,-2496,-11408,4304,14000,289,849,-468,216675,1540453771039
-13440,5312,-3136,-11344,4000,14240,453,311,-327,216735,1540453771043
-14592,4608,-3904,-11312,3888,14288,474,224,-218,216755,1540453771089
-18048,2496,-4864,-11376,3680,14480,560,392,144,216815,1540453771092
-14720,-3072,-2944,-11456,3552,14704,656,-26,106,216855,1540453771097
-16320,-8576,-5952,-11504,3440,14832,-246,383,661,216875,1540453771142
-10304,-8320,-6528,-11520,3456,14928,-455,127,-292,216895,1540453771250
-12864,-3072,-2688,-11408,3520,14816,-425,137,-484,216915,1540453771253
-14656,-832,-2688,-11328,3584,14720,-569,-181,-76,216955,1540453771255
-19136,5120,-2240,-11408,3696,14480,-181,-59,-603,217035,1540453771303
-19328,6144,-1408,-11584,3712,14432,270,78,-255,217075,1540453771404
-18304,192,-3328,-11616,3696,14736,617,-309,1035,217135,1540453771407
-16448,-6592,-640,-11616,4048,14880,-776,256,23,217215,1540453771457
-16960,-4160,-768,-11616,4112,14752,-952,423,-59,217235,1540453771510
-17152,-2048,-1216,-11312,4320,14672,-951,461,-572,217255,1540453771513
-15424,-2048,-2304,-11328,4176,14544,-1023,464,-629,217275,1540453771564
-14336,2240,-2752,-11360,4144,14240,-870,400,-805,217315,1540453771665
-16000,7104,-4032,-11632,4080,14080,54,160,-1052,217375,1540453771717
-16576,6208,-3264,-11776,4080,14096,78,149,-1132,217395,1540453771723
-16960,4416,-2240,-12032,3936,14160,219,209,-842,217435,1540453771926
-16320,3776,-2240,-12080,3792,14240,329,123,-556,217455,1540453771929
-16384,2816,-2240,-12208,3808,14272,369,-74,-396,217475,1540453771931
-15808,1664,-1984,-12336,3696,14336,437,-179,-385,217495,1540453771935
-17728,64,-3264,-12560,3504,14384,683,-290,-294,217535,1540453771939
-18368,-512,-4992,-12672,3376,14384,734,-352,-249,217555,1540453772027
-21440,-2816,-5952,-13008,2976,14640,819,319,327,217615,1540453772081
-15680,-3136,-4864,-12944,2688,14832,235,225,496,217675,1540453772129
-14976,-1984,-3776,-12784,2592,14896,-96,91,687,217735,1540453772184
-13824,-1920,-3712,-12704,2656,14912,-256,0,444,217755,1540453772187
-15104,-256,-4288,-12624,2784,14880,-495,-29,-382,217795,1540453772235
-16768,1856,-4544,-12736,2848,14768,-404,46,-475,217815,1540453772336
-17664,3392,-4160,-12800,2912,14800,-216,14,-129,217835,1540453772390
-16960,2752,-5824,-12944,2896,14768,-59,-69,267,217855,1540453772445
-16256,-832,-4288,-12832,2992,14720,-347,366,350,217955,1540453772492
-16128,1408,-4416,-12576,3152,14656,-645,295,229,217995,1540453772496
-16576,3008,-4992,-12544,3280,14576,-639,295,166,218015,1540453772499
-16768,4992,-5440,-12384,3408,14576,-529,277,134,218035,1540453772546
-17792,6784,-5056,-12432,3504,14576,-64,207,7,218075,1540453772549
-17856,6528,-4480,-12480,3568,14496,166,214,-12,218095,1540453772599
-17280,4608,-3904,-12464,3584,14576,474,229,-99,218135,1540453772704
-14592,2240,-2432,-12608,3408,14704,563,-89,68,218175,1540453772756
-13760,-192,-2496,-12704,3280,14816,404,-191,217,218195,1540453772759
-14720,-1344,-2432,-12720,3232,14784,241,-176,211,218215,1540453772764
-19520,1408,-3648,-12496,3360,14816,-308,354,-90,218315,1540453772855
-19584,3136,-3392,-12368,3440,14816,-306,509,-116,218355,1540453772909
-18880,3456,-3200,-12368,3344,14752,-300,563,-203,218375,1540453772914
-16576,3776,-2560,-12144,3504,14832,-110,642,-354,218435,1540453772962
-17152,-960,-3392,-12272,3280,14944,279,-446,-18,218575,1540453773011
-19392,1408,-5568,-12320,2576,15008,65,304,-187,218715,1540453773065
-19456,1728,-6080,-12288,2592,14944,105,423,-122,218735,1540453773114
-16896,3072,-5312,-12016,2544,15152,347,696,-142,218795,1540453773119
-15744,2880,-4672,-11952,2544,15152,540,555,-119,218815,1540453773122
-14848,1728,-4224,-11792,2560,15280,870,404,64,218835,1540453773222
-12864,-4160,-2752,-11792,2528,15312,1074,-117,294,218855,1540453773332
-13952,-9920,-3008,-11936,2464,15456,191,-495,1176,218875,1540453773335
-14144,-10496,-5504,-11968,2528,15472,-263,-204,630,218895,1540453773338
-17600,-4288,-2752,-11952,2464,15424,-450,312,-612,218935,1540453773385
-13888,-704,-4416,-11872,2320,15264,-161,154,-558,218995,1540453773390
-14016,64,-3648,-11904,2224,15296,-81,33,-458,219015,1540453773437
-16192,64,-3712,-12016,2064,15296,92,-71,-245,219055,1540453773440
-16704,320,-4288,-11968,2064,15248,157,-107,-91,219075,1540453773487
-17664,256,-4096,-12064,2000,15360,182,-124,-5,219095,1540453773539
-16768,-960,-3456,-12176,1872,15280,248,22,205,219195,1540453773541
-16768,-1408,-3392,-12160,1856,15312,227,25,251,219215,1540453773589
-16832,-2880,-3712,-12160,1824,15344,71,78,205,219275,1540453773593
-17024,-2624,-3712,-12192,1920,15392,35,84,221,219295,1540453773644
-17152,-1856,-3776,-12144,1904,15344,51,161,232,219355,1540453773696
-17344,-1088,-3328,-12144,1936,15440,37,218,227,219415,1540453773750
-17728,832,-2624,-12128,1952,15440,127,316,97,219475,1540453773752
-18176,2432,-2688,-12016,1904,15504,322,405,-10,219515,1540453773756
-18240,2688,-2496,-12016,1808,15552,536,428,-3,219535,1540453773857
-16768,-5376,-4480,-12032,1584,15712,135,9,459,219595,1540453773860
-19456,-1152,-1600,-12000,1616,15664,-377,816,-451,219655,1540453773862
-14912,1984,-4352,-11680,1824,15648,-550,520,-58,219715,1540453773909
-14912,2432,-4736,-11536,1872,15600,-533,301,353,219735,1540453773959
-16704,3328,-3776,-11472,2080,15536,-309,330,372,219775,1540453773963
-14464,3136,-3008,-11264,2176,15536,-137,369,104,219835,1540453774010
-14080,2560,-3264,-11104,2144,15504,-114,-45,243,219895,1540453774060
-15872,1984,-3072,-11168,2240,15456,-258,-213,383,219955,1540453774113
-16192,1856,-3520,-11232,2240,15408,-310,-216,333,219975,1540453774220
-16960,2752,-3584,-11248,2304,15392,-311,-141,270,219995,1540453774270
-18176,6784,-4352,-11280,2352,15296,48,14,109,220055,1540453774319
-17664,960,-1408,-11392,2096,15632,485,-28,545,220155,1540453774371
-17024,-3072,-704,-11440,2160,15680,-194,223,243,220195,1540453774423
-16256,512,-960,-11312,2208,15456,-635,387,-160,220255,1540453774425
-15616,1408,-1280,-11152,2320,15456,-697,341,-141,220275,1540453774427
-15424,2816,-2048,-11168,2320,15376,-684,255,-101,220295,1540453774477
-16000,4352,-2624,-11024,2336,15344,-621,196,-48,220315,1540453774480
-16640,5376,-2624,-11088,2464,15248,-519,170,-6,220335,1540453774529
-18496,6592,-2944,-11040,2512,15120,-309,288,-69,220375,1540453774533
-17984,7168,-3392,-10992,2560,15152,-112,412,-206,220415,1540453774536
-16384,3840,-2368,-10736,2832,15264,273,232,118,220515,1540453774582
-15552,832,-1536,-10736,2832,15232,676,91,14,220535,1540453774585
-14720,-6528,2112,-10896,2992,15424,-232,-394,801,220555,1540453774631
-17984,320,-2112,-10832,3216,15152,-1180,482,-655,220615,1540453774683
-16768,5376,-2688,-10800,3264,14944,-1028,434,-470,220655,1540453774734
-16704,6848,-2304,-10784,3360,14800,-633,183,-105,220695,1540453774738
-17408,5888,-1728,-10768,3472,14752,-517,218,-160,220715,1540453774783
-17088,5888,-576,-10896,3712,14608,-212,223,-116,220815,1540453774787
-17024,5760,-576,-10896,3744,14608,-46,73,82,220835,1540453774836
-17088,5376,-640,-10976,3808,14624,162,-17,338,220855,1540453774937
-17664,-128,-576,-11008,3840,14608,-360,71,239,220895,1540453774940
-16000,-64,-768,-10848,3856,14576,-336,190,-243,220915,1540453774943
-16192,2432,-384,-10832,3728,14448,-238,454,-501,220975,1540453774946
-18112,4416,-4800,-10784,3616,14352,134,334,-315,221075,1540453774988
-17728,4800,-4096,-10688,3696,14368,309,410,-421,221095,1540453774990
-14848,3776,-4032,-10688,3536,14496,662,269,-487,221135,1540453775041
-13504,1600,-3200,-10800,3296,14624,864,-149,-146,221175,1540453775090
-13888,64,-3264,-10880,3264,14672,891,-317,-22,221195,1540453775193
-15104,-1088,-3264,-11040,3120,14816,852,-440,76,221215,1540453775195
-16640,-2560,-2688,-11088,3152,14848,848,-409,124,221235,1540453775242
-16704,-5568,-1408,-11216,3088,14976,691,-463,190,221255,1540453775247
-17728,-3968,-1664,-11328,2944,14960,-92,184,-185,221315,1540453775294
-17088,-2304,-1600,-11216,2848,14976,-146,255,-263,221335,1540453775400
-16192,-1280,-1920,-11248,2896,14896,-177,205,-164,221355,1540453775402
-15168,704,-3072,-11184,2880,14832,-143,-67,78,221395,1540453775405
-15744,1280,-3264,-11152,3024,14864,-86,-154,68,221415,1540453775452
-17344,2240,-3904,-11216,2992,14832,43,-150,18,221455,1540453775502
-18432,4224,-3584,-11280,2816,14752,294,53,-26,221515,1540453775504
-17984,4288,-3456,-11264,2816,14848,437,121,23,221535,1540453775555
-17024,3904,-3776,-11296,2768,14848,565,64,106,221555,1540453775606
-16832,-5504,-1088,-11392,2704,15024,848,-302,624,221595,1540453775608
-19264,-8512,-1408,-11456,2704,15216,-8,-229,1254,221615,1540453775655
-18944,-3328,-1536,-11312,2752,15008,-581,526,6,221675,1540453775765
-18496,-448,-1536,-11184,2816,14960,-558,564,-28,221695,1540453775815
-16064,1600,-2752,-11056,2880,14800,-499,385,239,221735,1540453775926
-15488,2432,-3136,-11040,2880,14784,-384,266,237,221755,1540453775976
-16000,3904,-2496,-10912,2912,14768,-197,249,160,221775,1540453776027
-17472,4352,-1728,-10896,2896,14784,64,264,-64,221815,1540453776030
-19456,4928,-3328,-10848,2736,14656,236,224,-38,221875,1540453776135
-22144,4864,-3648,-10944,2704,14800,358,686,48,221915,1540453776239
-15488,-832,-2880,-10256,2800,15040,-1034,778,-278,222055,1540453776242
-14592,4544,-3520,-9984,3040,14784,-875,370,237,222115,1540453776345
-14656,5504,-2176,-9888,3248,14624,-698,175,151,222155,1540453776398
-15296,5888,-2048,-9840,3264,14544,-609,161,41,222175,1540453776401
-16064,6656,-1344,-9904,3408,14432,-487,137,-54,222215,1540453776447
-15872,6528,-1344,-9920,3616,14400,-550,54,-115,222235,1540453776553
-15680,6464,-1536,-9968,3568,14384,-644,-64,-328,222255,1540453776556
-16640,6784,-2112,-10048,3712,14320,-636,-88,-416,222275,1540453776659
-18688,7680,-1408,-10112,3776,14256,-338,-17,-254,222295,1540453776662
-18112,7296,-320,-10304,3888,14320,647,-93,-162,222315,1540453776871
-19584,-64,1536,-10416,3792,14400,-388,-119,1157,222335,1540453776873
-15360,-1280,-3456,-10208,4048,14320,-396,59,469,222355,1540453776876
-18816,4288,-64,-10176,4064,14240,-387,475,-363,222395,1540453776976
-17344,5184,-256,-10192,3984,14176,-277,591,-415,222415,1540453776979
-14912,4608,-1344,-10144,3968,14064,-279,345,-20,222455,1540453776981
-15872,4992,-1344,-10096,4032,14048,-223,133,-25,222495,1540453776985
-16640,5248,-1152,-10016,4032,14112,-181,146,-102,222515,1540453777080
-16832,5760,-1408,-10064,4016,13984,-144,191,-129,222535,1540453777083
-16512,6592,-1152,-10048,4112,14032,-13,229,-143,222595,1540453777086
-15744,6720,-1536,-10064,4240,14080,346,35,-29,222635,1540453777132
-15552,-832,448,-10080,4224,14176,-292,-165,514,222675,1540453777186
-15552,-64,-1152,-10096,4192,14096,-314,-172,-39,222695,1540453777287
-17280,1728,-512,-10096,4160,14112,-335,58,-277,222715,1540453777447
-18752,4672,-896,-10192,4160,14032,-252,264,-198,222755,1540453777450
-18112,4608,-1536,-10288,4144,13888,-206,281,-157,222775,1540453777553
-17280,4416,-1024,-10160,4112,13984,-179,245,-115,222795,1540453777556
-16704,4288,-1408,-10176,4176,13904,-177,161,-124,222835,1540453777558
-17216,4800,-1280,-10208,4144,13872,-132,147,-149,222855,1540453777603
-17152,4416,-256,-10176,4176,13840,-67,188,-179,222895,1540453777653
-16256,3456,1152,-10240,4112,13904,-93,210,-401,222995,1540453777755
-16768,3776,896,-10256,4080,13888,-100,120,-402,223015,1540453777758
-17344,4352,64,-10304,4112,13888,-99,30,-326,223035,1540453777761
-19264,4800,-960,-10432,4064,13840,119,138,-261,223075,1540453777805
-17472,3456,-128,-10416,3968,13920,339,464,-493,223115,1540453777961
-14912,640,0,-10480,3760,14080,353,461,-701,223175,1540453778068
-15232,192,-512,-10544,3664,14064,242,278,-529,223195,1540453778070
-15488,-64,-1600,-10560,3536,14160,188,110,-247,223215,1540453778120
-17792,-576,-2944,-10528,3456,14224,149,223,48,223295,1540453778123
-16768,-768,-3136,-10496,3440,14144,182,282,-94,223315,1540453778227
-15872,-704,-2880,-10416,3536,14240,150,235,-168,223335,1540453778230
-15360,-768,-2240,-10336,3456,14272,157,161,-171,223375,1540453778233
-15360,-832,-2304,-10416,3344,14240,157,81,-127,223395,1540453778275
-14848,-576,-1984,-10384,3440,14288,152,-40,-61,223415,1540453778383
-15552,-320,-1664,-10496,3200,14336,343,-361,71,223495,1540453778386
-17280,-1088,-1408,-10784,2912,14416,423,-262,-69,223595,1540453778437
-19264,-1152,-2496,-11008,2608,14464,251,70,-165,223675,1540453778439
-17984,-512,-2560,-10992,2480,14608,174,200,-79,223735,1540453778537
-16832,-832,-2560,-10976,2416,14592,104,232,-28,223795,1540453778540
-16704,-384,-2624,-10944,2416,14592,97,238,28,223835,1540453778543
-16320,64,-1280,-10848,2336,14736,101,113,42,223935,1540453778547
-17792,-128,-1344,-10848,2256,14720,76,150,236,224015,1540453778590
-18048,-192,-1024,-10848,2240,14736,54,207,231,224035,1540453778592
-16896,-128,-1088,-10640,2192,14736,-7,320,114,224135,1540453778644
-16896,64,-832,-10528,2128,14784,16,352,61,224155,1540453778693
-16512,192,-768,-10400,2112,14880,38,334,177,224195,1540453778697
-16704,64,-320,-10336,2064,14912,-1,268,161,224235,1540453778701
-16896,256,-448,-10400,2080,14832,-39,253,112,224255,1540453778748
-17664,640,-1216,-10304,2208,14848,-73,231,98,224315,1540453778802
-19264,384,-768,-10192,2112,14896,-143,694,31,224375,1540453778804
-15936,704,-256,-9728,2208,14944,-298,620,-96,224455,1540453778905
-17088,2176,512,-9472,2368,14784,-194,307,181,224615,1540453778908
-17600,2624,448,-9392,2528,14832,-163,380,36,224635,1540453778954
-17408,2880,-320,-9328,2448,14784,-116,402,-79,224655,1540453779004
-16832,2816,-320,-9248,2496,14784,-154,353,-222,224675,1540453779059
-16576,2624,-128,-9248,2464,14800,-133,304,-239,224695,1540453779063
-16512,384,-320,-9136,2576,14688,-305,145,3,224735,1540453779066
-13696,-2048,512,-9184,2528,14736,-508,117,-16,224755,1540453779109
-16832,2560,-128,-9200,2768,14608,-668,227,-661,224835,1540453779212
-17280,3264,128,-9216,2848,14528,-657,247,-640,224855,1540453779215
-18304,3840,384,-9296,2944,14560,-604,271,-388,224875,1540453779218
-18304,3200,-256,-9248,3040,14416,-396,295,-13,224915,1540453779263
-17472,1856,0,-9184,3136,14384,-399,401,109,224955,1540453779311
-15552,640,704,-8928,3392,14096,-723,412,325,225055,1540453779365
-15040,960,832,-8832,4144,13600,-1010,169,-126,225195,1540453779415
-16384,2240,832,-8880,4352,13408,-909,-40,-289,225215,1540453779417
-16448,2112,2880,-8896,4352,13344,-271,-872,-294,225235,1540453779420
-17088,2048,192,-9280,4672,13152,-795,-119,-194,225315,1540453779520
-17344,1984,320,-9392,4816,12960,-783,-197,-110,225355,1540453779569
-17280,1536,192,-9424,4992,12816,-788,-183,-163,225375,1540453779571
-17920,512,192,-9680,5504,12336,-1097,3,-367,225455,1540453779619
-17216,640,192,-9824,5584,11920,-1248,116,-365,225515,1540453779622
-17920,768,384,-10000,5680,11760,-1344,315,-414,225535,1540453779671
-18048,896,64,-9936,5712,11584,-1307,421,-388,225555,1540453779724
-18560,1728,192,-10064,5904,11184,-1312,70,-342,225595,1540453779726
-16128,2368,1024,-10320,6272,9792,-1131,567,-414,225735,1540453779777
-17216,1728,-320,-10352,6272,9168,-639,187,98,225835,1540453779779
-17536,1024,-256,-10336,6336,9024,-528,266,-53,225855,1540453779881
-17152,-1152,448,-10336,6336,8928,-362,446,-199,225895,1540453779884
-16832,-2368,640,-10336,6304,8896,-404,547,-134,225915,1540453779931
-15872,-2624,1344,-10416,6224,8560,-638,305,-38,225995,1540453779935
-16128,-1856,1600,-10416,6288,8464,-592,308,66,226015,1540453779938
-15936,-1856,1472,-10400,6192,8384,-466,453,202,226035,1540453779982
-16384,-1088,1344,-10400,6288,8288,-137,901,410,226055,1540453780089
-16512,-1280,2624,-10320,6192,8368,128,1238,393,226075,1540453780092
-16192,-512,3776,-10256,6320,8304,-441,-194,-270,226195,1540453780094
-16192,-1024,3456,-10208,6256,8272,-466,-232,-348,226215,1540453780142
-16320,-960,2624,-10320,6304,8144,-476,-209,-364,226235,1540453780145
-17280,-128,2496,-10368,6192,7936,-507,9,-236,226275,1540453780194
-17344,320,2368,-10416,6192,7952,-489,115,-571,226295,1540453780248
-14784,1472,2048,-10464,6272,7840,-360,-58,-80,226315,1540453780250
-15744,832,2880,-10512,6336,7744,-276,-9,-236,226355,1540453780300
-16512,704,2816,-10560,6160,7712,-217,-6,-78,226375,1540453780351
-16448,448,3072,-10560,6320,7648,-168,-30,-119,226395,1540453780402
-17216,0,3328,-10608,6240,7600,-132,47,7,226435,1540453780404
-17024,-256,3392,-10576,6208,7600,-130,120,-101,226455,1540453780453
-17472,-704,3136,-10592,6240,7600,-157,242,-291,226475,1540453780456
-16640,-192,3072,-10624,6128,7552,-142,248,-407,226495,1540453780504
-15872,-320,2560,-10784,6112,7568,-141,150,-324,226535,1540453780558
-16064,-576,2752,-10848,6144,7520,-162,154,-340,226555,1540453780560
-14208,-1088,6080,-11024,6064,7488,-273,-292,-561,226595,1540453780610
-16256,-1088,1920,-11216,5952,7344,-59,-32,-522,226655,1540453780613
-16192,-960,2112,-11392,5920,7344,-12,-38,-335,226675,1540453780661
-16832,-512,2432,-11424,5952,7376,194,10,94,226715,1540453780664
-15360,-1792,4864,-11440,6048,7744,843,578,-76,226795,1540453780712
-14976,-1408,3968,-11488,6048,7824,454,742,101,226815,1540453780715
-13504,-1536,4608,-11536,6176,7936,1,560,32,226835,1540453780766
-11968,-1472,5632,-11504,6096,8032,-523,60,-324,226855,1540453780769
-10368,-4224,2112,-11632,6048,7760,-1052,-192,187,226895,1540453780772
-10304,-6016,2560,-11696,6128,7712,-737,-61,351,226915,1540453780816
-13056,-2432,1664,-11456,6256,7536,50,-416,719,226995,1540453780866
-14656,-1728,1600,-11408,6128,7536,311,-384,458,227015,1540453780869
-18880,-128,2368,-11376,6176,7456,-103,-266,-710,227075,1540453780969
-19584,-576,1472,-11552,6112,7408,-221,66,-331,227115,1540453780972
-18368,-192,1600,-11696,6096,7392,-256,81,-79,227155,1540453780975
-17920,-192,1344,-11792,6144,7312,-278,163,-155,227175,1540453780978
-18688,-256,1152,-11792,6096,7312,-531,704,-152,227195,1540453781020
-19520,-64,256,-11920,6096,7264,-452,622,138,227215,1540453781070
-20416,1536,1472,-12128,6016,7136,-34,762,-217,227275,1540453781175
-17984,64,2432,-12384,6096,7216,-63,-178,-441,227335,1540453781178
-19392,192,2560,-12480,5920,7152,24,-249,-488,227355,1540453781226
-19456,-384,1856,-12512,5968,7184,177,-476,-527,227375,1540453781230
-16384,-3712,832,-12752,5760,6976,-354,-947,-157,227435,1540453781278
-15680,-3712,-64,-12784,5696,6832,-394,-829,-137,227455,1540453781329
-16256,-2880,-1728,-12704,5648,6608,-378,-252,58,227495,1540453781331
-14720,-2688,-576,-12736,5648,6512,-273,-374,-150,227515,1540453781379
-14848,-2496,-1280,-12736,5696,6448,-115,-471,-218,227535,1540453781382
-14592,-2688,-1472,-12800,5568,6384,45,-233,504,227555,1540453781428
-18560,-256,960,-11952,6032,6576,498,740,65,227635,1540453781433
-18368,64,2048,-11920,6096,6752,68,316,-378,227675,1540453781479
-17600,-320,1024,-12032,6064,6784,213,410,-201,227695,1540453781483
-17088,-704,1408,-12080,6000,6864,207,394,-100,227715,1540453781530
-17024,-1088,1024,-12144,6080,6896,124,335,13,227735,1540453781533
-16768,-704,256,-12128,6064,6944,89,132,-188,227795,1540453781581
-16768,-832,896,-12288,6048,7008,-48,144,-209,227855,1540453781633
-16768,-1216,704,-12240,6032,6992,-110,145,-93,227875,1540453781636
-16704,-1344,896,-12288,6032,6944,-129,109,-119,227895,1540453781685
-16832,-1024,1024,-12272,6048,6992,-117,143,-249,227915,1540453781688
-17088,-576,640,-12384,6016,6944,-85,188,-337,227935,1540453781690
-16832,-1024,512,-12416,5952,6960,-10,215,-238,227975,1540453781785
-16704,-1728,704,-12544,5984,7008,-28,270,-124,228015,1540453781787
-16768,-1664,768,-12560,5968,6976,-29,201,-67,228055,1540453781835
-16576,-1600,1216,-12576,5968,6992,-124,67,-139,228095,1540453781887
-16832,-1280,832,-12624,5888,6960,-149,-47,-317,228155,1540453781890
-16640,-1536,1024,-12640,5856,6880,-141,-46,-334,228175,1540453781942
-16832,-1984,512,-12688,5856,6880,-71,34,-267,228195,1540453781945
-16512,-2176,832,-12768,5824,6912,-28,58,-274,228215,1540453781992
-16960,-2112,512,-12832,5760,6816,-34,215,-422,228255,1540453781995
-16512,-3072,576,-13008,5792,6864,-174,272,-246,228295,1540453782043
-16576,-2880,256,-13088,5648,6832,-332,984,-117,228335,1540453782046
-15680,-3520,-512,-13088,5664,6928,-406,1186,258,228355,1540453782095
-15744,-3584,3200,-13184,5632,6928,-411,952,270,228375,1540453782097
-16576,-2112,3264,-13168,5680,6944,-121,660,-55,228415,1540453782100
-16704,-2176,2496,-13280,5568,6992,-172,737,-16,228435,1540453782146
-16192,-2688,3648,-13216,5632,7056,-193,538,-25,228455,1540453782196
-16448,-2368,3712,-13328,5552,7040,-149,335,-113,228475,1540453782199
-16256,-3008,3520,-13360,5632,7008,-10,54,-45,228515,1540453782247
-16448,-2624,3136,-13344,5616,6960,-25,53,-82,228535,1540453782250
-16064,-2816,3264,-13328,5600,7008,-15,39,-60,228555,1540453782355
-16320,-2688,3072,-13296,5616,7024,-19,80,-50,228575,1540453782358
-16320,-2880,3200,-13312,5648,6992,8,82,-61,228595,1540453782360
-16192,-2816,3072,-13312,5520,7056,24,96,-38,228635,1540453782404
-16384,-2752,3264,-13328,5552,7040,-20,66,-17,228655,1540453782406
-16384,-2688,3264,-13328,5552,6992,22,-31,-65,228715,1540453782459
-16384,-2752,2944,-13280,5584,6976,85,-22,-105,228735,1540453782462
-16448,-2880,2688,-13280,5536,6960,101,-71,-37,228755,1540453782512
-16320,-2880,2816,-13264,5600,7008,127,-95,-37,228775,1540453782515
-16384,-2880,2688,-13264,5600,6992,170,-161,-119,228815,1540453782564
-16384,-2816,2112,-13296,5584,6992,-4,-31,-84,228875,1540453782613
-16384,-3200,1856,-13264,5536,6992,19,-50,-37,228935,1540453782616
-16576,-3072,1920,-13232,5568,6960,-1,-17,-37,228975,1540453782620
-16384,-3264,1728,-13280,5616,6928,2,-5,6,228995,1540453782663
-16448,-3136,1600,-13200,5504,6928,8,-28,34,229015,1540453782666
-16384,-3264,1472,-13264,5488,6880,-13,-30,114,229055,1540453782714
-16640,-2816,1472,-13168,5536,6928,-6,-63,68,229095,1540453782717
-16512,-2944,1152,-13024,5584,6880,-5,-65,-5,229135,1540453782765
-16576,-2816,1216,-13040,5680,6864,-40,-68,-47,229155,1540453782767
-16576,-2752,1152,-13040,5616,6848,-25,-72,-47,229175,1540453782816
-16576,-2880,896,-13056,5696,6800,-63,-27,-57,229195,1540453782819
-16640,-3008,576,-13072,5664,6784,-115,18,-12,229235,1540453782823
-16448,-3136,576,-12992,5648,6752,-122,51,13,229255,1540453782867
-16512,-3008,512,-13024,5616,6736,-107,47,34,229275,1540453782869
-16576,-2624,640,-13024,5568,6752,-89,54,37,229295,1540453782919
-16576,-2752,512,-13008,5616,6720,-52,89,46,229315,1540453782921
-16512,-2944,576,-12928,5648,6672,-78,83,82,229335,1540453782974
-16704,-2624,512,-12928,5664,6672,-54,145,75,229415,1540453783025
-16640,-2752,576,-12928,5632,6656,-78,163,81,229435,1540453783027
-16576,-2432,576,-12864,5760,6624,-73,163,72,229455,1540453783075
-16576,-2432,640,-12880,5680,6640,-55,163,40,229475,1540453783080
-16832,-2240,768,-12880,5760,6656,-22,142,5,229495,1540453783126
-16832,-2304,704,-12880,5712,6640,5,154,-30,229515,1540453783177
-16704,-2496,832,-12848,5712,6656,0,157,29,229595,1540453783181
-16704,-2304,832,-12816,5680,6720,-21,226,-24,229615,1540453783229
-16512,-2432,512,-12848,5728,6688,-141,300,13,229655,1540453783280
-16768,-2560,832,-12848,5664,6704,-42,260,31,229675,1540453783331
-16704,-2496,896,-12880,5616,6672,9,197,30,229695,1540453783334
-16640,-2368,1024,-12832,5632,6752,33,173,74,229735,1540453783384
-16512,-2240,1024,-12784,5664,6736,32,148,9,229775,1540453783386
-16704,-2112,1024,-12816,5744,6736,32,149,22,229795,1540453783434
-16640,-2048,1088,-12800,5728,6784,-5,148,14,229815,1540453783486
-16768,-2176,1024,-12768,5760,6768,-17,139,23,229835,1540453783489
-16768,-2048,960,-12784,5728,6736,-31,134,16,229855,1540453783492
-16768,-2304,960,-12816,5760,6752,-48,156,19,229875,1540453783537
-16768,-2176,704,-12768,5776,6720,-38,169,30,229895,1540453783539
-16640,-2240,640,-12736,5792,6752,-45,210,30,229915,1540453783592
-16768,-1920,832,-12768,5792,6784,-227,345,-14,229975,1540453783641
-16640,-2240,1088,-12752,5744,6720,-212,330,-1,229995,1540453783746
-16640,-1920,1152,-12720,5744,6720,-157,300,21,230015,1540453783749
-16704,-2176,1472,-12784,5712,6720,-145,272,55,230035,1540453783796
-16832,-1920,1472,-12704,5744,6736,-52,150,4,230095,1540453783847
-16704,-1984,1280,-12768,5680,6736,-68,107,17,230135,1540453783898
-16768,-1920,1344,-12752,5648,6720,-56,116,-3,230155,1540453783951
-16704,-1728,1344,-12720,5744,6704,-46,142,-16,230175,1540453783954
-16704,-1856,1280,-12752,5696,6736,-45,129,3,230195,1540453784004
-16512,-1664,1344,-12720,5776,6688,-56,123,-24,230215,1540453784115
-16704,-1792,1408,-12704,5792,6672,-56,123,-27,230235,1540453784165
-16704,-1792,1088,-12688,5696,6688,-37,149,-25,230275,1540453784167
-16576,-1792,1408,-12736,5792,6704,-65,148,-9,230315,1540453784274
-16704,-1792,1344,-12688,5696,6704,-24,143,-25,230355,1540453784325
-16768,-2048,1216,-12768,5744,6640,-36,160,-6,230375,1540453784328
-16768,-1856,1344,-12688,5744,6688,-41,162,23,230395,1540453784432
-16640,-1856,1472,-12752,5760,6672,-25,172,12,230415,1540453784482
-16640,-1856,1280,-12672,5856,6656,-26,181,-30,230435,1540453784486
-16576,-1536,1408,-12720,5760,6720,-20,175,-27,230455,1540453784587
-16704,-1920,1472,-12704,5728,6720,-19,142,-23,230495,1540453784637
-16640,-1600,1344,-12736,5824,6672,0,129,-20,230515,1540453784639
-16704,-1664,1344,-12736,5744,6688,-9,119,-30,230535,1540453784642
-16576,-1792,1408,-12688,5792,6720,-18,126,-17,230555,1540453784687
-16704,-1792,1408,-12704,5792,6736,-33,123,-31,230575,1540453784742
-16640,-1728,1344,-12720,5728,6688,-32,131,-24,230595,1540453784744
-16704,-1664,1280,-12736,5760,6656,-30,114,-48,230615,1540453784793
-16704,-1728,1344,-12736,5712,6672,-24,142,-43,230635,1540453784900
-16768,-1920,1344,-12784,5696,6704,-26,147,-6,230675,1540453784951
-16768,-1856,1280,-12704,5776,6672,-30,172,-28,230695,1540453785003
-16576,-1792,1344,-12704,5680,6704,-31,176,-20,230715,1540453785055
-16704,-1920,1472,-12752,5824,6720,-44,179,-35,230735,1540453785161
-16640,-1600,1280,-12704,5760,6736,-38,171,-19,230795,1540453785211
-16640,-1856,1344,-12656,5760,6688,-51,156,8,230815,1540453785261
-17088,-1792,1408,-12688,5760,6736,-185,4,-63,230855,1540453785311
-17088,-1600,2176,-12736,5712,6688,-368,-84,-77,230875,1540453785313
-18560,-1792,2624,-12672,5664,6544,-606,-478,-391,230915,1540453785317
-19008,-448,2752,-12688,5632,6416,-783,-1094,-430,230935,1540453785363
-28736,1344,768,-12560,5520,6080,-808,-1467,28,230975,1540453785414
-23936,0,-4352,-12080,5472,5744,378,-119,-347,231035,1540453785417
-18048,-960,-4096,-12016,5504,5936,491,587,-97,231075,1540453785465
-14016,-3008,-2560,-12000,5584,6176,301,1306,46,231115,1540453785515
-12288,-3776,-1600,-12048,5520,6336,286,1523,187,231135,1540453785565
-10368,-4160,0,-12064,5632,6416,314,1476,267,231155,1540453785619
-9216,-3648,1152,-12112,5728,6528,164,1333,561,231175,1540453785726
-10496,-1472,1792,-11968,5872,6544,-125,448,800,231215,1540453785729
-12608,-1792,2880,-11728,6064,6368,101,918,439,231255,1540453785775
-12608,-1792,1536,-11712,6064,6304,-34,743,374,231275,1540453785779
-12864,-2304,1728,-11632,6096,6144,360,804,744,231295,1540453785936
-13376,-2176,448,-11552,6144,6080,741,1151,1051,231315,1540453785986
-14400,-1728,384,-11424,6224,6048,794,1053,1154,231335,1540453785988
-14976,-960,3200,-11248,6400,6048,437,777,702,231355,1540453786089
-16896,128,3264,-10864,6464,5584,28,405,196,231415,1540453786141
-16512,448,3584,-10544,6320,5216,47,369,183,231455,1540453786145
-15872,832,4096,-9536,6192,4672,376,365,179,231515,1540453786249
-15872,1024,4352,-7808,5952,4144,200,521,156,231575,1540453786252
-13824,640,5888,-6560,5424,3536,79,429,-802,231635,1540453786255
-15872,-64,4928,-6240,5216,3232,338,586,-390,231655,1540453786297
-16064,2176,3840,-4528,5088,4160,403,458,-77,231695,1540453786409
-13696,-3712,7488,-1952,5472,7312,123,256,240,231755,1540453786412
-16128,-1408,6272,-1200,5360,7776,114,421,38,231795,1540453786458
-14464,384,6656,-1104,5200,6704,-118,-54,-353,231875,1540453786462
-17536,-1024,5760,-3360,4704,3984,-962,-622,-745,231955,1540453786567
-18112,-1792,4160,-4480,4464,3392,-948,-834,-598,231975,1540453786570
-16512,-1536,4544,-5056,4096,3280,-885,-792,-414,232015,1540453786618
-16640,-2304,3008,-5136,3744,3632,-375,-410,-79,232075,1540453786620
-16704,-1408,3456,-4480,3904,4000,153,-215,-103,232115,1540453786622
-15936,-1664,3136,-4224,4048,4224,259,-330,-54,232135,1540453786722
-16768,-1216,1728,-3408,4480,4960,-20,-345,-13,232215,1540453786725
-14784,-1152,2048,-3296,4320,4816,54,-596,-69,232255,1540453786728
-17408,-1216,192,-3296,3872,4528,-217,-391,-119,232335,1540453786732
-16640,-1536,320,-3120,3856,4512,-168,-170,17,232375,1540453786832
-16768,-1536,192,-2976,3680,4432,-137,-61,72,232415,1540453786834
-16640,-1216,-128,-2944,3456,4256,-121,19,115,232435,1540453786880
-17216,-896,-640,-2960,3072,3856,-212,302,43,232475,1540453786985
-17024,-960,192,-2944,2544,3296,-411,261,186,232515,1540453786988
-17152,-960,384,-2960,2400,3104,-264,260,183,232535,1540453787091
-17536,-640,256,-3008,2000,2800,-217,240,104,232555,1540453787093
-16640,-320,128,-2784,1312,2400,36,139,5,232675,1540453787141
-16640,-512,-64,-2688,1296,2400,16,101,51,232715,1540453787192
-16960,-448,-64,-2560,1056,2320,30,138,7,232755,1540453787244
-16768,-512,256,-2336,960,2272,9,97,24,232795,1540453787297
-17088,-704,512,-2032,720,2160,30,256,17,232855,1540453787347
-17344,-192,64,-1632,480,1840,-36,53,70,233015,1540453787455
-17280,-128,-256,-1744,384,1776,-26,87,54,233055,1540453787458
-17280,0,-64,-1776,288,1728,-20,126,42,233075,1540453787460
-17344,-128,-64,-1824,336,1728,-8,141,4,233095,1540453787503
-17024,-64,-64,-1808,272,1744,-19,154,-30,233115,1540453787505
-16768,0,128,-1856,272,1776,44,141,-26,233155,1540453787558
-16448,-256,128,-1952,400,1808,1,102,-12,233195,1540453787562
-16768,-192,128,-1984,320,1808,-33,108,10,233215,1540453787609
-16960,-192,-64,-1968,384,1792,-53,142,18,233235,1540453787612
-17280,-192,-128,-1984,352,1744,-55,170,-26,233255,1540453787661
-16960,64,0,-1936,432,1760,-80,127,-38,233335,1540453787713
-16704,128,0,-1952,480,1728,-75,122,-25,233375,1540453787816
-17024,0,0,-1920,416,1696,-60,122,-19,233495,1540453787819
-17088,0,0,-1904,304,1712,-67,132,-25,233515,1540453787925
-17088,0,64,-1920,272,1680,-62,154,-25,233555,1540453787928
-16832,-64,0,-1888,272,1632,-70,161,-45,233575,1540453787931
-16640,0,128,-1824,368,1664,-17,156,-56,233615,1540453787975
-17216,-64,-192,-1968,176,1648,-63,17,57,233735,1540453788083
-17344,0,-448,-1968,256,1632,-47,83,-3,233775,1540453788085
-17088,64,-128,-2032,288,1664,-31,140,-38,233835,1540453788193
-17088,64,-256,-2016,320,1632,-55,150,-45,233875,1540453788195
-16896,0,-448,-2112,240,1696,-3,91,10,233935,1540453788246
-17344,128,-640,-2064,400,1696,103,205,5,233995,1540453788249
-17152,64,-640,-2080,432,1744,78,256,-41,234015,1540453788353
-17024,64,-640,-2096,560,1776,-148,181,-98,234035,1540453788356
-17216,256,-192,-2064,672,1968,-56,113,-20,234055,1540453788402
-16896,256,-320,-1728,976,2416,-163,101,-136,234175,1540453788452
-16640,-64,-320,-1648,976,2368,-187,363,-136,234195,1540453788503
-16960,-128,-256,-1552,944,2320,-277,340,-132,234215,1540453788553
-16960,-256,-320,-1408,912,2272,-280,-42,49,234235,1540453788556
-16192,192,128,-1200,528,2288,-59,-5,-192,234335,1540453788603
-16384,-704,0,-1584,656,2368,-81,36,-158,234355,1540453788657
-16448,-2240,384,-1680,608,2416,-254,-117,-33,234375,1540453788766
-17600,-1792,256,-2048,704,2496,-331,-74,41,234395,1540453788769
-18048,-1536,-896,-2304,624,2560,-249,229,63,234415,1540453788817
-17024,512,-1344,-2784,832,2512,-157,293,-98,234475,1540453788926
-16576,704,-1344,-2816,832,2496,-119,311,-84,234495,1540453788929
-16512,832,-1152,-2896,864,2448,-60,364,-118,234515,1540453788976
-16064,576,-768,-2912,848,2400,-12,379,-113,234535,1540453788980
-15936,256,-512,-2944,960,2432,-1,198,-75,234555,1540453788983
-17024,192,-448,-3008,1024,2400,3,77,37,234595,1540453789028
-17536,256,-256,-2944,1056,2336,42,44,-37,234635,1540453789079
-17856,192,-1280,-2960,960,2416,106,143,-43,234715,1540453789129
-17536,-192,-768,-2928,1008,2416,139,177,27,234755,1540453789180
-16832,-832,-448,-2848,976,2592,0,135,-28,234875,1540453789230
-16960,-896,-448,-2848,1120,2576,-32,114,-61,234895,1540453789281
-16832,-1024,-320,-2832,976,2640,-56,67,-100,234915,1540453789332
-17280,-1024,-192,-2864,976,2608,-111,42,-88,234955,1540453789383
-16768,-768,-128,-2848,976,2544,-147,134,12,235015,1540453789435
-15808,-448,-128,-2864,944,2528,-182,115,-22,235055,1540453789437
-15936,-128,-128,-2848,944,2464,-188,83,-15,235075,1540453789441
-17408,384,-960,-2800,976,2320,-31,65,2,235195,1540453789542
-17408,128,-832,-2816,1008,2336,-28,77,-7,235215,1540453789592
-17344,-128,-512,-2848,960,2304,-47,100,-5,235235,1540453789595
-17600,-384,-640,-2832,1008,2288,-73,85,-16,235255,1540453789699
-17408,-512,-640,-2816,944,2320,-90,122,-8,235295,1540453789749
-17088,-192,-704,-2800,928,2304,-101,147,-11,235315,1540453789753
-16320,128,-448,-2720,864,2256,-65,112,-52,235355,1540453789798
-16960,64,-832,-2800,896,2272,-60,171,-104,235395,1540453789849
-17216,-192,-1024,-2832,944,2288,-60,177,-107,235415,1540453789899
-17280,-256,-1024,-2768,912,2288,-58,172,-89,235435,1540453789951
-16960,64,-1024,-2832,832,2256,-83,179,-33,235475,1540453789954
-17152,64,-1216,-2816,944,2256,26,147,-10,235555,1540453790057
-17280,-448,-832,-2848,928,2256,20,125,-7,235595,1540453790108
-17024,-640,-896,-2880,944,2272,7,145,-26,235615,1540453790112
-16384,-576,-448,-2784,960,2272,-132,92,-18,235715,1540453790115
-16192,-384,-640,-2832,848,2288,-125,52,-28,235735,1540453790159
-16256,0,-768,-2784,880,2272,-115,49,-57,235755,1540453790162
-17600,0,-1152,-2832,912,2240,-60,176,-68,235835,1540453790210
-17600,-192,-960,-2864,800,2224,-59,163,-21,235855,1540453790260
-16640,64,-896,-2864,880,2224,-39,90,17,235915,1540453790313
-17664,-128,-1152,-2832,880,2240,32,160,-39,235995,1540453790418
-17472,-640,-1152,-2848,832,2272,15,167,-36,236015,1540453790422
-17280,-960,-704,-2800,912,2240,-7,172,-12,236035,1540453790425
-16896,-1024,-960,-2832,912,2256,-108,152,-5,236075,1540453790468
-16512,-128,-1088,-2832,880,2192,-81,122,-61,236155,1540453790576
-16768,128,-1152,-2864,752,2208,-76,131,-95,236175,1540453790625
-17088,0,-1216,-2896,784,2256,-45,111,-80,236215,1540453790629
-17536,-320,-1280,-2880,816,2144,-35,196,-34,236275,1540453790680
-16704,-128,-832,-2896,896,2128,-37,159,-15,236315,1540453790732
-16576,0,-960,-2928,816,2208,-36,99,28,236335,1540453790734
-17216,0,-1280,-2864,880,2144,-34,163,-16,236375,1540453790738
-17280,-64,-1280,-2848,864,2112,15,206,-30,236395,1540453790784
-17024,-192,-1152,-2896,912,2176,-14,104,-44,236535,1540453790835
-16832,0,-1088,-2896,960,2144,-10,138,-92,236555,1540453790886
-17024,0,-832,-2912,896,2176,-11,160,-133,236575,1540453790888
-17344,-320,-960,-2896,928,2208,11,175,-63,236675,1540453790936
-17600,-512,-1024,-2896,928,2224,-4,198,-42,236695,1540453790939
-16704,-640,-896,-2960,944,2224,-31,185,13,236735,1540453790987
-16512,-384,-704,-2944,864,2240,-55,93,40,236755,1540453791041
-16704,64,-1152,-2912,848,2192,-8,132,-39,236795,1540453791092
-17408,-384,-1280,-2944,944,2256,33,236,-65,236835,1540453791143
-17536,-896,-832,-2912,976,2256,-10,207,-20,236855,1540453791249
-17024,-1152,-512,-2976,960,2256,-88,176,8,236895,1540453791253
-17088,-960,-448,-2944,896,2240,-112,140,30,236915,1540453791257
-16768,-256,-896,-2896,832,2208,-84,90,20,236975,1540453791260
-17408,-1088,-640,-3008,736,2208,-120,178,-34,237055,1540453791301
-16512,-576,-704,-2960,624,2224,-148,159,37,237095,1540453791351
-16576,0,-960,-3024,464,2160,-130,196,-61,237155,1540453791354
-16512,256,-896,-3040,464,2128,-94,181,-58,237195,1540453791402
-16832,128,-896,-3024,544,2128,-79,115,-36,237215,1540453791404
-17088,0,-1024,-3040,448,2128,-49,94,-32,237235,1540453791453
-17216,-256,-512,-3040,560,2112,-54,161,-53,237335,1540453791456
-17472,512,-1088,-3072,544,2080,-8,206,-90,237375,1540453791459
-17280,512,-1344,-3072,512,2064,32,302,-185,237395,1540453791504
-16768,-1024,-768,-3088,672,2160,22,85,-25,237475,1540453791558
-17088,-768,-576,-3008,720,2144,-19,147,-44,237535,1540453791609
-16896,-512,-320,-3088,720,2160,-38,115,-40,237555,1540453791612
-16896,-512,-320,-3088,784,2144,-53,121,-77,237575,1540453791616
-16896,-640,-448,-3120,768,2128,-99,169,-57,237635,1540453791660
-16576,64,-960,-3008,896,2096,-24,123,33,237695,1540453791662
-16768,192,-1088,-3072,832,2112,-9,100,18,237715,1540453791712
-16512,192,-1216,-3024,784,2112,-17,111,32,237735,1540453791714
-17344,-640,-832,-2928,912,2112,70,52,22,237835,1540453791764
-17152,-640,-768,-2912,912,2160,54,40,4,237875,1540453791814
-17216,-768,-704,-2864,848,2192,64,82,-3,237895,1540453791817
-17152,-576,-704,-2880,928,2208,77,85,1,237915,1540453791864
-17152,-896,-832,-2880,832,2192,86,124,1,237935,1540453791867
-17600,-1216,-832,-2880,896,2240,75,174,30,237955,1540453791915
-17344,-1408,-384,-2880,912,2256,-17,182,42,237995,1540453791966
-16704,-704,-768,-2848,816,2304,-93,157,8,238055,1540453792018
-16640,-256,-1024,-2912,784,2256,-72,153,15,238075,1540453792020
-16768,128,-1216,-2976,752,2304,-73,162,-6,238095,1540453792025
-17152,-64,-1088,-2912,880,2256,-50,72,-23,238195,1540453792069
-17472,-320,-1024,-2864,784,2288,-46,85,30,238235,1540453792123
-17600,-64,-832,-2960,688,2192,-32,88,53,238255,1540453792125
-16832,0,-1024,-2896,736,2256,25,193,-78,238355,1540453792175
-16768,-128,-896,-2992,656,2304,21,183,-94,238375,1540453792179
-16448,-512,-832,-3024,672,2304,-2,157,-109,238415,1540453792226
-16896,-640,-640,-3008,736,2320,-41,185,-91,238435,1540453792279
-16768,-512,-960,-2992,672,2288,-38,107,-27,238495,1540453792281
-16768,-320,-1024,-2976,704,2304,-36,107,-52,238515,1540453792330
-16896,-384,-1216,-2992,656,2320,-48,128,-68,238535,1540453792381
-17088,-512,-1280,-2928,784,2304,-22,118,-50,238555,1540453792383
-17088,-704,-640,-2992,640,2288,-61,135,-56,238615,1540453792387
-16960,-448,-896,-2960,672,2288,-53,110,-22,238655,1540453792430
-16832,-64,-960,-2976,752,2240,-42,131,-30,238675,1540453792433
-16960,0,-1088,-3040,640,2304,-24,102,-12,238695,1540453792481
-16832,64,-1152,-2992,864,2272,-20,125,-24,238715,1540453792484
-16960,0,-1280,-3024,640,2288,-20,126,-35,238735,1540453792532
-16960,-320,-896,-3056,640,2336,42,117,2,238835,1540453792582
-16896,-448,-896,-2992,656,2368,34,64,43,238875,1540453792585
-17216,-512,-1088,-2976,608,2368,46,137,-28,238915,1540453792590
-17088,-704,-1088,-2960,592,2400,7,162,-31,238995,1540453792634
-16768,-576,-1024,-2944,608,2448,-18,149,0,239015,1540453792636
-16832,-448,-1088,-2960,640,2432,-23,128,-16,239035,1540453792737
-16832,-640,-1088,-2976,560,2384,-41,148,-14,239055,1540453792740
-16704,-448,-1088,-2992,592,2432,-47,142,-4,239075,1540453792786
-16576,-256,-1152,-2960,640,2416,-62,62,6,239135,1540453792788
-16576,-256,-1216,-2928,560,2416,-46,45,-24,239155,1540453792837
-16576,-128,-1216,-2960,592,2400,-59,51,-13,239175,1540453792891
-17024,-128,-1280,-2976,560,2400,-57,38,-5,239195,1540453792895
-16832,-256,-1344,-2944,560,2400,-46,23,3,239215,1540453792901
-16896,-128,-1280,-2992,496,2416,-45,-21,14,239235,1540453792945
-17088,-256,-1344,-2960,592,2368,-47,4,11,239255,1540453792948
-17280,-320,-1280,-2928,464,2400,-56,59,6,239275,1540453793055
-17216,-64,-1408,-2880,464,2336,-45,72,-25,239315,1540453793058
-17024,-128,-1536,-2912,512,2320,-2,119,-13,239375,1540453793062
-17024,-128,-1472,-2928,496,2384,-2,112,-30,239395,1540453793107
-16832,0,-1536,-2944,544,2368,31,91,-18,239415,1540453793112
-17216,-128,-1728,-3008,448,2384,8,131,-26,239435,1540453793158
-17216,0,-1792,-2864,608,2368,3,137,-37,239455,1540453793163
-17280,-192,-1536,-2928,544,2400,-1,133,20,239495,1540453793209
-17024,-64,-1728,-2960,448,2432,-3,139,-6,239515,1540453793260
-16704,-64,-1664,-2928,496,2432,-12,145,-24,239535,1540453793312
-16896,-256,-1600,-2960,496,2448,-23,135,-15,239575,1540453793314
-16704,-64,-1600,-3024,432,2464,-12,131,-26,239595,1540453793364
-16448,-192,-1600,-3008,496,2480,-38,94,-76,239635,1540453793418
-16640,-576,-1728,-3024,416,2416,-64,-13,10,239675,1540453793420
-16896,-512,-1856,-3008,464,2432,-90,-52,42,239715,1540453793474
-17088,-192,-1920,-2976,560,2384,-101,-22,33,239735,1540453793477
-17280,-64,-1856,-2912,400,2368,-112,72,-23,239775,1540453793526
-17280,128,-1984,-2960,400,2400,-94,88,-24,239795,1540453793530
-17216,256,-2112,-2960,432,2368,-77,91,-15,239815,1540453793534
-17344,256,-2240,-2976,416,2352,-20,161,-43,239875,1540453793576
-17088,128,-2112,-2928,480,2336,-18,176,-41,239895,1540453793579
-17152,128,-1984,-2976,384,2368,-6,172,-28,239915,1540453793628
-16960,-64,-2048,-2992,416,2336,-1,198,-41,239955,1540453793631
-16960,-192,-1984,-2944,416,2304,-28,206,-58,239975,1540453793681
-17088,-256,-1984,-2992,416,2384,-22,161,-44,239995,1540453793683
-17024,-192,-1856,-3008,416,2368,-6,176,-33,240035,1540453793689
-16640,-128,-1984,-3040,400,2352,-26,163,-39,240075,1540453793731
-16896,-256,-1984,-3008,384,2336,-24,160,-42,240095,1540453793734
-16768,-128,-1920,-3024,416,2432,-33,141,-53,240115,1540453793782
-16576,-128,-2112,-2992,384,2384,-30,139,-36,240155,1540453793786
-16832,-256,-1984,-3008,368,2448,-27,120,-37,240175,1540453793833
-16832,-64,-1984,-2976,384,2352,-16,86,-44,240215,1540453793883
-16960,-128,-2048,-2992,432,2400,-30,110,-50,240235,1540453793886
-16896,-64,-2112,-3040,368,2432,-41,119,-41,240255,1540453793891
-17152,-192,-1856,-3008,416,2384,-55,129,-33,240275,1540453793934
-17088,-64,-1856,-2976,432,2368,-66,160,-37,240295,1540453793985
-17088,-256,-1984,-2960,352,2352,-64,72,31,240335,1540453793987
-17280,-384,-2048,-2944,416,2352,-55,10,102,240355,1540453794036
-17600,0,-2240,-2976,304,2400,-38,102,72,240395,1540453794087
-17024,0,-2112,-2976,224,2384,-41,161,24,240415,1540453794089
-16960,128,-2048,-2912,272,2384,-38,127,39,240435,1540453794093
-16768,128,-2304,-2944,176,2448,-13,154,-14,240495,1540453794141
-16704,64,-2176,-2960,160,2416,-5,155,-27,240535,1540453794145
-16960,0,-2048,-2976,160,2464,-18,137,-24,240575,1540453794191
-16896,0,-2048,-2912,368,2432,-57,135,-23,240595,1540453794195
-17088,192,-2432,-2992,192,2496,-92,186,3,240635,1540453794244
-16896,128,-1920,-2976,144,2432,-73,167,-2,240655,1540453794248
-16576,128,-1984,-2944,288,2432,-54,153,-25,240675,1540453794252
-16384,192,-1984,-2976,64,2480,-50,137,-46,240695,1540453794295
-16512,128,-2048,-2944,192,2432,-71,146,-53,240715,1540453794299
-16704,-128,-1920,-2944,176,2448,-118,154,-43,240755,1540453794346
-16704,64,-2304,-2960,128,2368,-48,63,-52,240815,1540453794350
-17024,0,-2112,-2912,208,2352,-49,74,-58,240835,1540453794399
-17024,0,-2176,-2960,144,2384,-58,62,-61,240855,1540453794403
-16960,64,-1984,-2960,208,2352,-59,33,-45,240875,1540453794451
-16896,0,-2176,-2880,176,2384,-65,70,-47,240895,1540453794455
-17216,0,-2176,-2928,208,2336,-80,106,-35,240935,1540453794502
-17088,-64,-2176,-2928,224,2368,-77,113,-23,240955,1540453794504
-17216,128,-2432,-2912,256,2352,-56,136,-26,240995,1540453794552
-17216,128,-2496,-2912,208,2352,-34,158,-13,241035,1540453794555
-16576,64,-2304,-2944,224,2352,-38,129,-29,241075,1540453794603
-16768,256,-2368,-2912,208,2352,-37,125,-65,241115,1540453794654
-16768,-128,-2368,-2960,208,2336,-36,118,-48,241155,1540453794656
-16896,-64,-2432,-2928,224,2352,-37,103,-40,241175,1540453794708
-16768,0,-2368,-2912,224,2352,-27,59,-14,241215,1540453794713
-16960,-192,-2368,-2864,208,2384,-38,54,-9,241235,1540453794760
-17024,-64,-2304,-2912,256,2352,-38,74,-19,241255,1540453794812
-17216,-64,-2304,-2848,288,2288,-20,120,-11,241295,1540453794814
-17216,-64,-2560,-2864,176,2368,-33,134,-22,241315,1540453794819
-16960,64,-2368,-2912,256,2288,-41,135,-21,241335,1540453794863
-16960,128,-2560,-2880,192,2368,-27,142,-23,241355,1540453794914
-17024,128,-2624,-2912,224,2384,-5,165,-21,241375,1540453794917
-16896,128,-2688,-2912,208,2288,-10,160,-30,241395,1540453794964
-16832,128,-2688,-2880,224,2352,-14,138,-32,241415,1540453794967
-16640,0,-2560,-2928,144,2368,-30,134,-47,241435,1540453794972
-16576,0,-2624,-2880,144,2352,-6,119,-34,241475,1540453795016
-16768,-192,-2432,-2896,208,2368,-9,105,-44,241495,1540453795018
-16832,0,-2816,-2880,176,2352,-27,88,-39,241515,1540453795073
-16960,-64,-2624,-2864,176,2352,-27,109,-41,241535,1540453795079
-16832,-64,-2496,-2880,112,2368,-23,93,-36,241555,1540453795085
-16960,-64,-2688,-2816,176,2352,-17,115,-21,241575,1540453795123
-17024,-128,-2624,-2784,224,2336,-33,119,-38,241615,1540453795126
-16960,0,-2688,-2752,288,2336,-39,119,-23,241655,1540453795177
-17088,0,-2752,-2832,96,2368,-32,136,-20,241675,1540453795180
-16896,0,-2688,-2848,192,2336,-30,163,-40,241695,1540453795229
-16640,-64,-2560,-2848,96,2336,-19,145,-37,241715,1540453795231
-16640,192,-2688,-2704,144,2368,-25,128,-48,241735,1540453795282
-16832,64,-2944,-2768,320,2352,-21,132,-50,241775,1540453795284
-16896,-64,-2688,-2848,144,2352,-21,109,-12,241835,1540453795289
-16768,-192,-2624,-2832,160,2336,-31,117,-18,241855,1540453795334
-16960,-192,-2560,-2832,128,2352,-32,114,-13,241875,1540453795387
-17024,-128,-2624,-2832,128,2368,-27,99,-5,241895,1540453795389
-16960,-64,-2624,-2832,96,2416,-42,108,11,241915,1540453795437
-16960,-192,-2816,-2816,112,2336,-43,140,-7,241935,1540453795440
-17024,-64,-2560,-2864,80,2352,-33,152,-16,241955,1540453795445
-16832,0,-3072,-2848,128,2368,-31,119,-14,241975,1540453795493
-16896,64,-2816,-2816,176,2352,-19,123,-25,242015,1540453795545
-16960,0,-2880,-2848,128,2368,-31,158,-40,242035,1540453795596
-16896,0,-2944,-2816,96,2352,-44,163,-28,242055,1540453795598
-16768,-64,-2752,-2816,64,2384,-27,136,-17,242075,1540453795602
-16768,-128,-2688,-2784,96,2368,-31,169,-32,242095,1540453795647
-16576,-192,-2688,-2880,16,2368,-45,153,-62,242115,1540453795650
-16576,0,-2816,-2816,112,2384,-46,166,-70,242135,1540453795698
-16512,0,-2880,-2848,96,2400,-49,125,-76,242155,1540453795749
-16768,0,-2880,-2880,80,2352,-44,108,-40,242195,1540453795752
-17088,-64,-2816,-2832,96,2368,-59,81,-13,242215,1540453795758
-16960,-128,-2688,-2832,64,2272,-57,85,-3,242255,1540453795801
-16896,0,-2688,-2832,96,2320,-71,100,-25,242275,1540453795803
-17024,-128,-2752,-2784,48,2320,-77,107,-13,242295,1540453795908
-17088,-128,-3008,-2816,48,2272,-53,100,11,242315,1540453795912
-17152,0,-2816,-2864,32,2336,-71,152,-15,242335,1540453795915
-16704,0,-2688,-2768,64,2320,-62,122,-34,242395,1540453795960
-17408,0,-3200,-2800,64,2240,-52,138,-45,242435,1540453795963
-17216,-64,-3072,-2800,-48,2304,-24,127,-10,242455,1540453796067
-17024,128,-2880,-2816,80,2256,-16,144,-56,242475,1540453796070
-16832,128,-3072,-2912,-48,2272,-3,142,-68,242495,1540453796119
-16896,256,-3264,-2800,160,2304,31,151,-96,242515,1540453796122
-17152,-192,-2944,-2960,-96,2304,37,140,-71,242575,1540453796281
-17152,-192,-2688,-2912,16,2320,15,161,-68,242595,1540453796284
-16960,-576,-2368,-2944,-80,2352,11,168,-57,242615,1540453796385
-16704,-576,-2368,-2944,-16,2336,-12,150,-36,242635,1540453796388
-16832,-576,-2368,-2912,-32,2336,-54,163,-3,242675,1540453796435
-16832,-512,-2496,-2944,-160,2352,-51,153,7,242695,1540453796438
-16768,-320,-2816,-2944,-96,2368,-56,161,-15,242735,1540453796487
-16768,-320,-3072,-2976,0,2320,-64,131,-1,242755,1540453796489
-16576,-192,-2880,-2976,-112,2352,-57,138,-36,242775,1540453796542
-16832,-320,-3008,-2880,-32,2304,-52,152,-47,242795,1540453796546
-16704,-192,-2944,-2960,-176,2336,-46,167,-44,242815,1540453796593
-16576,-128,-2816,-2944,48,2320,-43,174,-30,242835,1540453796596
-16448,0,-2880,-3024,-160,2288,-39,177,-38,242855,1540453796645
-16384,64,-2752,-2928,96,2288,-24,195,-46,242875,1540453796696
-16384,192,-2944,-2928,-16,2288,28,174,-38,242915,1540453796745
-16576,192,-3008,-3008,-96,2288,36,143,-91,242935,1540453796748
-16768,64,-3136,-3008,32,2240,35,122,-45,242955,1540453796753
-17216,-192,-3136,-3024,-64,2256,31,109,-36,242975,1540453796796
-17280,-320,-2816,-2992,64,2304,27,102,-46,242995,1540453796799
-17344,-640,-2752,-3056,16,2336,5,116,-29,243015,1540453796903
-17408,-768,-2432,-3008,64,2288,-5,120,-27,243035,1540453796906
-17536,-768,-2560,-2992,0,2320,-50,146,-33,243055,1540453796954
-17088,-448,-2432,-2992,16,2304,-68,169,42,243095,1540453797059
-17024,-64,-3200,-3008,-64,2272,-44,193,-72,243135,1540453797061
-16576,0,-3072,-3072,-64,2320,-20,212,-124,243155,1540453797109
-16576,0,-2944,-3120,-64,2368,60,193,-110,243175,1540453797216
-16576,256,-2688,-3104,16,2288,72,246,-109,243195,1540453797219
-16448,576,-2688,-3136,-16,2368,88,247,-149,243215,1540453797269
-16640,448,-2816,-3200,64,2384,106,258,-155,243235,1540453797272
-16832,-128,-2880,-3136,208,2368,121,260,-42,243295,1540453797321
-17344,-960,-2688,-3152,288,2384,60,207,51,243335,1540453797374
-17280,-1152,-2176,-3120,288,2384,42,187,74,243355,1540453797376
-16832,-1344,-2176,-3104,240,2432,38,153,87,243375,1540453797425
-16704,-1664,-1728,-3072,288,2464,-20,102,106,243395,1540453797429
-16704,-1472,-1856,-2992,336,2432,-80,75,162,243415,1540453797477
-16640,-768,-2304,-2960,272,2384,-117,120,86,243455,1540453797480
-16704,-320,-2432,-2944,336,2400,-77,144,18,243495,1540453797578
-16384,-384,-2176,-3040,304,2416,-61,110,-18,243515,1540453797580
-16384,-128,-2304,-2960,400,2384,-59,92,-68,243535,1540453797628
-16384,-128,-2432,-3008,336,2368,-79,133,-112,243555,1540453797631
-16896,-64,-2688,-3040,480,2352,-76,152,-90,243575,1540453797735
-17152,-384,-2816,-3024,448,2352,-71,136,-54,243595,1540453797738
-16960,-512,-2368,-2992,544,2336,-155,114,3,243655,1540453797786
-16768,-384,-2240,-2944,464,2256,-197,45,26,243695,1540453797893
-16832,-320,-2368,-3008,416,2192,-217,59,15,243715,1540453797896
-17152,-384,-2688,-2976,416,2144,-181,63,39,243735,1540453797947
-16896,64,-2496,-2992,320,2224,-145,61,20,243755,1540453797949
-17536,448,-2688,-2992,352,2080,-53,191,-52,243835,1540453797997
-17344,0,-2560,-2976,400,2096,-55,193,-4,243875,1540453798049
-17152,64,-2368,-2992,640,2096,-57,189,-1,243895,1540453798051
-17024,64,-2432,-2992,368,2112,-54,180,8,243915,1540453798057
-16448,64,-2304,-3008,320,2096,-47,128,-6,244035,1540453798105
-16640,64,-2624,-3008,384,2064,-23,126,-9,244055,1540453798154
-16960,0,-2560,-2992,352,2096,-10,109,-30,244115,1540453798208
-17152,-128,-2432,-2976,320,2080,-14,160,-20,244195,1540453798259
-16960,-192,-2560,-2944,304,2064,-13,148,5,244215,1540453798312
-17024,-128,-2240,-2976,272,2112,-11,179,-28,244235,1540453798364
-16704,-192,-2432,-2928,336,2096,-21,187,-30,244255,1540453798366
-16704,-128,-2368,-2992,336,2128,-22,147,-16,244275,1540453798471
-17024,0,-2752,-2960,352,2112,-15,160,-24,244315,1540453798522
-16960,-64,-2496,-2992,368,2096,-22,145,-17,244355,1540453798575
-16576,-64,-2560,-2976,320,2144,-32,111,-15,244375,1540453798625
-16512,-128,-2560,-3008,288,2144,-41,103,-28,244395,1540453798730
-16896,0,-2496,-3056,240,2144,-34,136,-47,244435,1540453798733
-17280,-64,-2432,-2976,400,2080,-36,143,-35,244475,1540453798780
-17152,-128,-2368,-2976,304,2128,-44,144,-24,244495,1540453798883
-16704,-128,-2368,-3040,304,2128,-56,119,-23,244535,1540453798886
-16704,-64,-2240,-3040,304,2144,-32,128,-43,244555,1540453798937
-16576,0,-2496,-3104,240,2128,-33,133,-58,244575,1540453798988
-16832,128,-2432,-3008,384,2112,-5,131,-48,244595,1540453798990
-17024,192,-2752,-3056,272,2144,14,126,-45,244655,1540453799043
-17088,-192,-2560,-3040,448,2176,51,62,-48,244715,1540453799047
-17088,-320,-2432,-3056,336,2160,-58,137,-13,244735,1540453799093
-16704,-448,-2304,-2960,384,2176,-58,108,2,244755,1540453799256
-17024,0,-2688,-3040,336,2144,-67,141,-79,244855,1540453799259
-16960,-128,-2688,-3056,384,2144,-62,117,-48,244895,1540453799309
-17024,128,-2816,-3104,544,2144,-42,121,-37,244915,1540453799314
-16832,-128,-2496,-3104,336,2144,-28,140,-34,245015,1540453799416
-16960,-320,-2560,-3072,400,2112,-38,138,-32,245035,1540453799465
-16960,-512,-2560,-3136,336,2080,-63,150,1,245075,1540453799516
-16960,-512,-2496,-3072,272,2128,-84,171,3,245095,1540453799624
-16576,-128,-2560,-3088,288,2112,-66,114,56,245135,1540453799627
-16576,0,-2688,-3088,176,2128,-85,107,-51,245175,1540453799732
-16896,-256,-2944,-3024,288,2096,-105,118,-49,245195,1540453799781
-16960,-192,-2688,-3104,240,2048,-110,110,-36,245215,1540453799783
-16832,384,-2560,-3152,192,2080,-85,63,2,245255,1540453799836
-16448,256,-2816,-3056,304,2048,-96,77,-49,245275,1540453799942
-16768,320,-2752,-3072,224,2016,-36,128,-69,245335,1540453799945
-17152,192,-2752,-3056,272,2032,62,97,-45,245375,1540453799949
-17664,320,-2880,-3024,288,1984,23,156,-9,245395,1540453799992
-17088,128,-2816,-3056,384,2016,34,142,-11,245435,1540453800043
-17280,-192,-2752,-3040,336,2000,17,154,-6,245495,1540453800047
-16640,64,-2432,-3024,384,2112,36,218,-121,245535,1540453800151
-16512,-64,-2816,-3104,416,2112,39,167,-133,245575,1540453800256
-16960,-256,-2688,-3136,448,2160,41,149,-109,245655,1540453800259
-17216,-576,-2752,-3104,544,2160,24,148,-77,245695,1540453800263
-17216,-832,-2496,-3152,400,2176,6,158,-79,245715,1540453800363
-17216,-1088,-2560,-3120,528,2160,-24,178,-90,245735,1540453800413
-16704,-512,-2432,-3216,304,2256,25,146,64,245795,1540453800415
-16192,64,-2688,-3152,512,2224,56,151,61,245815,1540453800571
-16192,576,-2880,-3248,432,2224,94,164,3,245835,1540453800574
-16320,896,-3008,-3184,688,2272,136,170,-89,245855,1540453800620
-17536,0,-3136,-3248,704,2288,113,196,-103,245895,1540453800675
-17408,-896,-2624,-3232,672,2320,58,201,-38,245935,1540453800678
-16640,-960,-2368,-3232,608,2368,-44,110,20,245995,1540453800725
-16640,-704,-2624,-3232,704,2384,-51,110,21,246015,1540453800730
-16512,-256,-2496,-3216,640,2352,-37,120,-8,246055,1540453800776
-16832,-704,-2560,-3280,592,2384,-74,177,-93,246155,1540453800780
-16768,-832,-2496,-3248,736,2368,-59,162,-58,246175,1540453800828
-16704,-640,-2368,-3296,736,2336,-110,128,-44,246215,1540453800880
-17152,-320,-2496,-3216,704,2272,-121,121,7,246335,1540453800882
-16704,512,-3456,-2928,-464,1968,-23,119,-34,252360,1540453804643
-17088,320,-3520,-2960,-384,1952,-14,115,-12,252380,1540453804646
-16896,448,-3520,-2912,-496,2000,-18,127,-17,252400,1540453804651
-16960,512,-3712,-2848,-432,1936,-17,140,-17,252420,1540453804693
-16704,576,-3712,-2864,-384,1968,-16,160,-33,252440,1540453804696
-16640,384,-3584,-2832,-432,1952,-30,138,-23,252460,1540453804701
-16640,384,-3776,-2928,-448,1984,-24,127,-14,252480,1540453804743
-16512,384,-3776,-2864,-432,1952,-28,126,-35,252500,1540453804794
-16832,448,-4032,-2944,-448,2000,-19,158,-39,252520,1540453804797
-16960,576,-3904,-2944,-400,1984,-21,156,-33,252540,1540453804800
-16768,384,-3776,-2912,-464,1936,-17,166,-27,252560,1540453804804
-16704,448,-3712,-2944,-464,1952,-25,146,-44,252580,1540453804843
-16704,320,-3520,-2928,-448,1984,-18,132,-33,252600,1540453804898
-16576,384,-3584,-2896,-400,2016,-34,134,-25,252620,1540453804900
-16768,320,-3840,-2896,-480,2016,-35,125,-31,252640,1540453804905
-16768,384,-3648,-2880,-448,1952,-49,114,-11,252660,1540453804909
-17024,512,-3712,-2960,-448,2000,-37,127,-28,252680,1540453804912
-16768,448,-3776,-2880,-464,1984,-37,154,-41,252700,1540453804948
-16704,384,-3712,-2896,-496,1984,-25,138,-41,252720,1540453804999
-16640,384,-3520,-2896,-464,1968,-27,121,-27,252740,1540453805003
-16896,448,-3712,-2880,-432,1968,-21,130,-32,252760,1540453805106
-16896,448,-3776,-2880,-432,2000,-26,146,-30,252780,1540453805109
-17024,384,-3712,-2896,-432,1984,-21,152,-29,252800,1540453805114
-16768,448,-3776,-2864,-528,2000,-22,164,-25,252820,1540453805117
-16832,320,-3648,-2848,-416,2016,-14,157,-7,252840,1540453805119
-16576,320,-3712,-2912,-432,2048,-17,147,-29,252860,1540453805121
-16704,576,-3840,-2896,-448,1968,-34,138,-19,252880,1540453805123
-16704,512,-3776,-2880,-480,1968,-20,145,-23,252900,1540453805157
-16896,576,-3840,-2928,-464,1984,-17,160,-24,252920,1540453805160
-16640,384,-3904,-2928,-544,2048,-15,136,-24,252940,1540453805210
-16640,448,-3520,-2928,-432,2000,-15,118,-19,252960,1540453805214
-16704,384,-3648,-2912,-560,2000,-12,134,-39,252980,1540453805219
-16768,320,-3712,-2896,-448,2064,-23,130,-29,253000,1540453805261
-16960,448,-3776,-2944,-560,2064,-5,162,-30,253020,1540453805264
-16704,448,-3648,-2880,-448,2032,-22,143,-23,253040,1540453805315
-16640,384,-3648,-2928,-560,2032,-21,148,-39,253060,1540453805365
-16640,512,-3776,-2944,-464,2000,-26,166,-38,253080,1540453805368
-16576,256,-3776,-2912,-528,2064,-30,150,-24,253100,1540453805372
-16576,448,-3712,-2896,-464,2000,-21,136,-22,253120,1540453805377
-16640,448,-3840,-2944,-512,2016,-23,120,-36,253140,1540453805472
-16896,448,-3904,-2912,-496,2000,-27,132,-36,253160,1540453805476
-16896,384,-3776,-2928,-544,2048,-16,138,-15,253180,1540453805480
-16768,320,-3648,-2896,-528,2032,-17,142,-25,253200,1540453805483
-16576,192,-3648,-2880,-512,2064,-31,127,-29,253220,1540453805485
-16576,256,-3520,-2944,-432,2032,-39,125,-21,253240,1540453805525
-16832,384,-3712,-2928,-400,2032,-46,117,-17,253260,1540453805530
-16896,448,-3840,-2944,-480,2064,-20,119,-13,253280,1540453805536
-16896,448,-3840,-2928,-352,2080,-26,135,-16,253300,1540453805538
-16896,512,-3712,-2960,-464,2064,-24,146,-24,253320,1540453805630
-16768,512,-3840,-2864,-336,2032,-20,132,-26,253340,1540453805633
-16960,320,-3776,-2896,-416,2016,-28,129,-29,253360,1540453805637
-16576,448,-3776,-2896,-416,2064,-22,132,-16,253380,1540453805641
-16896,512,-3712,-2928,-432,2032,-24,153,-24,253400,1540453805645
-16896,448,-3712,-2928,-544,2064,-27,156,-20,253420,1540453805648
-16832,384,-3776,-2880,-448,2000,-38,152,-22,253440,1540453805680
-16896,320,-3648,-2816,-432,2064,-19,152,-16,253460,1540453805736
-16704,448,-3648,-2928,-448,2032,-24,156,-31,253480,1540453805738
-16640,448,-3712,-2928,-544,2048,-26,150,-43,253500,1540453805788
-16576,448,-3712,-2944,-464,2016,-29,125,-28,253520,1540453805791
-16576,384,-3712,-2944,-464,2080,-31,139,-35,253540,1540453805797
-16640,448,-3840,-2944,-448,2048,-42,150,-39,253560,1540453805801
-16640,448,-3904,-2912,-352,2048,-29,124,-39,253580,1540453805839
-16640,512,-3520,-2928,-432,1952,-28,114,-30,253600,1540453805841
-16960,576,-3648,-2944,-448,2064,-21,132,-30,253620,1540453805892
-16768,448,-3648,-2896,-432,2048,-25,135,-33,253640,1540453805896
-16896,448,-3648,-2944,-448,2048,-31,128,-37,253660,1540453805900
-17024,384,-3712,-2912,-432,2080,-37,142,-20,253680,1540453805945
-16896,384,-3776,-2896,-448,2064,-39,155,-23,253700,1540453805948
-17024,384,-3712,-2944,-432,2064,-34,168,-16,253720,1540453805994
-16640,384,-3648,-2928,-448,2048,-31,152,-7,253740,1540453805997
-16576,384,-3648,-2928,-464,2016,-28,125,-9,253760,1540453806002
-16512,512,-3520,-2960,-464,2064,-39,124,-32,253780,1540453806046
-16832,576,-3904,-2896,-448,2048,-36,154,-57,253800,1540453806049
-16896,384,-3840,-2928,-448,2032,-26,147,-25,253820,1540453806055
-16896,192,-3712,-2912,-448,2032,-34,144,-31,253840,1540453806096
-16640,320,-3648,-2912,-464,2080,-33,148,-47,253860,1540453806098
-16640,320,-3520,-2944,-464,2080,-32,138,-35,253880,1540453806147
-16832,320,-3648,-2928,-464,2048,-52,129,-31,253900,1540453806150
-16896,448,-3840,-2896,-464,2032,-33,149,-49,253920,1540453806198
-16960,512,-3712,-2960,-464,2080,-45,175,-54,253940,1540453806201
-17024,448,-3840,-2976,-544,2032,-22,173,-30,253960,1540453806206
-16768,320,-3776,-2976,-448,2048,-28,157,-42,253980,1540453806249
-16832,320,-3584,-2960,-496,2048,-30,179,-37,254000,1540453806251
-16768,448,-3776,-2960,-464,2032,-25,162,-29,254020,1540453806302
-16768,384,-3840,-2976,-544,2048,-33,178,-40,254040,1540453806305
-16704,384,-3712,-2976,-432,2032,-30,166,-29,254060,1540453806309
-16576,448,-3648,-2960,-528,2080,-24,181,-25,254080,1540453806312
-16512,448,-3648,-2944,-432,2032,-31,167,-23,254100,1540453806354
-16576,256,-3584,-3008,-560,2000,-29,156,-25,254120,1540453806408
-16640,192,-3776,-2976,-448,2064,-32,141,-21,254140,1540453806410
-16768,448,-3712,-2976,-528,2080,-31,160,-23,254160,1540453806460
-16768,384,-3712,-2976,-432,2016,-16,150,-10,254180,1540453806464
-16640,448,-3584,-2976,-528,2032,-36,152,-28,254200,1540453806470
-16640,448,-3648,-2992,-480,2096,-37,148,-16,254220,1540453806472
-16704,320,-3648,-2960,-528,2112,-33,139,-18,254240,1540453806475
-16960,320,-3520,-2912,-496,2080,-31,157,-23,254260,1540453806514
-16832,448,-3520,-2928,-448,2048,-13,160,-26,254280,1540453806563
-16832,448,-3648,-2960,-480,2048,-20,134,-19,254300,1540453806566
-17024,320,-3648,-3040,-448,2016,-26,167,-13,254320,1540453806574
-16896,448,-3712,-2944,-512,2112,-30,182,-38,254340,1540453806577
-17088,384,-3712,-3008,-512,2080,-20,179,-21,254360,1540453806614
-16832,192,-3520,-2976,-496,2080,-18,157,-1,254380,1540453806617
-16832,192,-3712,-3040,-544,2128,-12,171,-34,254400,1540453806720
-16512,512,-3712,-2992,-432,2080,10,170,-55,254420,1540453806723
-16704,448,-3712,-2976,-464,2080,9,157,-61,254440,1540453806728
-16704,512,-3840,-2960,-480,2128,3,157,-44,254460,1540453806731
-16768,448,-3904,-3008,-448,2128,12,183,-54,254480,1540453806733
-16704,512,-3584,-2992,-496,2096,5,202,-57,254500,1540453806735
-16576,512,-3008,-3056,-448,2128,7,170,-37,254520,1540453806769
-16704,320,-3264,-3040,-480,2112,-11,151,-14,254540,1540453806772
-16832,384,-3584,-3024,-560,2112,-16,177,-18,254560,1540453806823
-17152,384,-3712,-2992,-512,2080,-23,215,-20,254580,1540453806825
-17088,256,-3840,-3072,-528,2112,-33,194,16,254600,1540453806876
-16704,256,-3776,-2992,-560,2128,-30,192,24,254620,1540453806880
-16576,256,-3584,-3040,-528,2128,-53,166,13,254640,1540453806885
-16576,320,-3328,-3008,-496,2080,-67,159,-3,254660,1540453806927
-16448,256,-3136,-2976,-624,2096,-52,156,-2,254680,1540453806979
-16448,256,-3200,-2976,-560,2112,-58,139,-21,254700,1540453806981
-16512,320,-3392,-3024,-544,2112,-44,132,-15,254720,1540453807029
-16576,256,-3456,-2960,-528,2080,-55,135,-37,254740,1540453807031
-16704,448,-3456,-3008,-560,2096,-40,123,-21,254760,1540453807037
-16576,512,-3520,-2976,-512,2096,-47,112,-29,254780,1540453807040
-16768,704,-3392,-2992,-560,2080,-47,120,-23,254800,1540453807043
-17024,768,-3392,-2944,-544,2112,-50,144,-41,254820,1540453807130
-17280,576,-3456,-2992,-560,2112,-47,153,-8,254840,1540453807133
-17344,384,-3328,-3008,-512,2048,-60,151,13,254860,1540453807137
-17408,192,-3392,-2928,-576,2064,-86,175,24,254880,1540453807141
-16896,64,-3072,-2928,-496,2064,-87,180,19,254900,1540453807146
-16960,-64,-3136,-2960,-560,2064,-107,176,36,254920,1540453807148
-16896,-192,-3264,-2992,-512,2048,-133,175,52,254940,1540453807237
-16512,0,-3264,-2976,-608,2096,-137,199,51,254960,1540453807240
-16576,-832,-3072,-2800,-720,1936,-71,137,121,254980,1540453807245
-15936,768,-2944,-2768,-672,1936,-148,69,109,255000,1540453807288
-15808,1280,-3264,-2816,-656,1952,-141,61,58,255020,1540453807291
-16064,1728,-3776,-2768,-640,1984,-112,41,14,255040,1540453807296
-16576,2112,-4096,-2736,-656,1904,-70,24,-16,255060,1540453807300
-16448,2048,-4224,-2688,-624,1888,-16,-3,14,255080,1540453807338
-17408,1664,-4224,-2720,-640,1888,26,35,-40,255100,1540453807341
-17280,1664,-3712,-2720,-576,1920,29,68,-23,255120,1540453807392
-17664,1024,-3776,-2640,-672,1888,17,118,-44,255140,1540453807396
-18048,320,-3584,-2592,-592,1904,-14,166,-18,255160,1540453807401
-17920,0,-3200,-2672,-720,1888,-46,175,-35,255180,1540453807446
-17856,-192,-3200,-2624,-656,1888,-78,152,34,255200,1540453807449
-17408,-256,-2816,-2656,-656,1888,-89,161,36,255220,1540453807453
-17024,0,-2944,-2640,-688,1888,-107,185,15,255240,1540453807497
-16576,512,-3264,-2672,-800,1872,-97,197,-11,255260,1540453807500
-16448,704,-3328,-2688,-672,1888,-89,188,-27,255280,1540453807547
-16448,768,-3648,-2704,-784,1888,-107,171,-33,255300,1540453807550
-16512,768,-3776,-2688,-720,1824,-111,150,-12,255320,1540453807555
-16448,768,-3776,-2720,-656,1840,-116,100,8,255340,1540453807600
-16448,832,-3776,-2704,-736,1856,-107,71,28,255360,1540453807602
-16512,1216,-3776,-2720,-704,1808,-94,84,45,255380,1540453807651
-16320,1472,-3904,-2656,-720,1808,-60,62,41,255400,1540453807654
-16192,1664,-3840,-2672,-832,1824,-30,45,13,255420,1540453807659
-16320,1792,-3968,-2720,-752,1808,-5,55,-8,255440,1540453807703
-16512,1856,-3904,-2688,-704,1776,17,89,-42,255460,1540453807706
-16896,1472,-3904,-2656,-752,1856,26,131,-56,255480,1540453807754
-17344,896,-3648,-2592,-784,1840,25,126,-6,255500,1540453807757
-17664,576,-3520,-2656,-704,1856,7,135,6,255520,1540453807809
-17664,0,-3264,-2640,-592,1824,-25,147,35,255540,1540453807813
-17600,192,-3456,-2656,-736,1888,-51,139,76,255560,1540453807818
-17088,256,-3392,-2688,-896,1840,-55,165,51,255580,1540453807821
-16512,640,-3520,-2624,-736,1840,-63,144,37,255600,1540453807861
-16256,1024,-3584,-2720,-880,1824,-50,133,0,255620,1540453807864
-16128,1408,-3648,-2736,-752,1840,-34,141,-52,255640,1540453807912
-16320,1280,-4032,-2704,-832,1824,-30,183,-104,255660,1540453807915
-16512,1536,-4032,-2704,-816,1904,-8,163,-70,255680,1540453807919
-16512,1344,-3968,-2768,-784,1888,13,144,-67,255700,1540453807962
-16448,1408,-3776,-2752,-752,1856,12,152,-75,255720,1540453808013
-16512,1344,-3776,-2752,-752,1904,-1,133,-49,255740,1540453808015
-16704,1216,-3840,-2752,-672,1872,-2,98,8,255760,1540453808017
-16960,1088,-3904,-2688,-704,1888,-3,113,7,255780,1540453808064
-17088,832,-3776,-2672,-640,1808,-23,85,29,255800,1540453808066
-17152,768,-3776,-2720,-720,1856,-39,69,60,255820,1540453808071
-16768,704,-3840,-2672,-688,1840,-36,83,42,255840,1540453808114
-16640,768,-3648,-2656,-752,1872,-29,80,8,255860,1540453808117
-16576,1024,-3648,-2608,-736,1840,-23,87,-30,255880,1540453808121
-16768,896,-3520,-2624,-800,1840,-9,103,-64,255900,1540453808167
-16832,1216,-3776,-2624,-704,1856,6,115,-81,255920,1540453808170
-16768,1280,-3840,-2640,-720,1840,41,132,-93,255940,1540453808218
-16768,1024,-3904,-2624,-656,1872,29,190,-123,255960,1540453808220
-16960,1216,-3968,-2640,-672,1872,33,191,-103,255980,1540453808224
-17024,896,-3904,-2624,-640,1904,17,186,-57,256000,1540453808271
-17088,896,-3904,-2672,-576,1888,8,200,-46,256020,1540453808274
-17152,896,-4032,-2608,-656,1920,-5,183,-10,256040,1540453808279
-16768,1088,-3904,-2608,-656,1856,-23,165,10,256060,1540453808327
-16768,896,-3904,-2608,-640,1904,-24,128,11,256080,1540453808330
-16448,1152,-3968,-2592,-672,1936,-15,137,6,256100,1540453808379
-16576,1024,-3776,-2656,-720,1888,-15,147,-34,256120,1540453808381
-16704,896,-3776,-2576,-656,1920,2,123,-15,256140,1540453808386
-16704,704,-3584,-2624,-768,1920,2,127,-39,256160,1540453808390
-16960,576,-3648,-2608,-640,1904,-4,158,-51,256180,1540453808429
-17024,512,-3520,-2624,-704,1936,1,171,-35,256200,1540453808481
-16832,640,-3584,-2608,-624,1952,-22,142,-21,256220,1540453808484
-16704,832,-3584,-2608,-624,1920,-32,143,-11,256240,1540453808488
-16832,1024,-3776,-2624,-576,1920,-26,152,-22,256260,1540453808532
-17024,1216,-3968,-2624,-704,1952,-26,190,-34,256280,1540453808536
-17024,1216,-3904,-2624,-576,1904,-9,178,-26,256300,1540453808539
-16832,1280,-3904,-2624,-688,1952,-12,172,-16,256320,1540453808643
-16640,1152,-3776,-2608,-560,1952,-23,179,-26,256340,1540453808646
-16640,1088,-3712,-2608,-608,1984,-38,171,-13,256360,1540453808649
-16576,768,-3712,-2608,-656,1968,-34,176,-20,256380,1540453808653
-16640,704,-3584,-2608,-576,1952,-60,181,-12,256400,1540453808693
-16896,384,-3520,-2592,-640,1936,-69,175,16,256420,1540453808697
-16896,512,-3776,-2592,-640,1968,-80,192,32,256440,1540453808701
-16576,512,-3456,-2576,-656,1904,-101,171,16,256460,1540453808705
-16128,768,-3456,-2608,-784,1936,-108,127,1,256480,1540453808801
-16256,768,-3392,-2624,-640,1888,-147,97,-12,256500,1540453808804
-16512,832,-3648,-2640,-736,1888,-153,112,-27,256520,1540453808809
-16640,768,-3712,-2608,-688,1872,-131,118,-31,256540,1540453808812
-16768,1024,-3456,-2624,-768,1904,-136,122,-28,256560,1540453808814
-16896,832,-3392,-2576,-720,1824,-152,111,-34,256580,1540453808853
-17024,896,-3456,-2624,-832,1856,-143,105,-6,256600,1540453808856
-16832,1280,-3584,-2608,-720,1824,-132,136,-28,256620,1540453808858
-16896,1408,-3712,-2592,-768,1776,-121,146,-43,256640,1540453808904
-16896,1152,-3584,-2624,-688,1760,-119,139,-19,256660,1540453808906
-16896,1280,-3840,-2560,-752,1744,-117,142,-14,256680,1540453808955
-16832,1472,-3776,-2592,-720,1760,-90,159,-47,256700,1540453808958
-16640,1344,-3712,-2640,-800,1760,-81,156,-37,256720,1540453808963
-16640,1216,-3584,-2592,-736,1696,-81,135,-9,256740,1540453809009
-16960,1152,-3328,-2656,-784,1728,-64,132,-31,256760,1540453809013
-16768,1280,-3712,-2592,-768,1728,-71,165,-59,256780,1540453809017
-16512,1152,-3456,-2656,-816,1712,-69,163,-50,256800,1540453809059
-16512,1280,-3520,-2656,-752,1728,-52,145,-54,256820,1540453809063
-16768,1408,-3712,-2672,-832,1696,-44,137,-50,256840,1540453809068
-16768,1408,-3712,-2656,-752,1696,-12,151,-59,256860,1540453809110
-16832,1408,-3840,-2704,-880,1776,-22,184,-61,256880,1540453809160
-16768,1280,-3840,-2720,-704,1728,1,179,-39,256900,1540453809165
-16704,1344,-3840,-2720,-832,1744,3,162,-25,256920,1540453809169
-16576,1408,-3840,-2688,-784,1744,19,149,-21,256940,1540453809172
-16320,1344,-3776,-2720,-800,1760,8,140,-33,256960,1540453809212
-16256,1280,-3584,-2704,-736,1760,27,120,-18,256980,1540453809215
-16448,1152,-3840,-2704,-736,1760,34,121,-33,257000,1540453809263
-16512,1280,-3904,-2688,-800,1776,44,104,-37,257020,1540453809266
-16512,1280,-3840,-2704,-784,1792,56,104,-63,257040,1540453809314
-16512,1088,-3520,-2640,-752,1776,72,106,-90,257060,1540453809316
-16704,1088,-3712,-2672,-752,1824,64,114,-89,257080,1540453809322
-17088,768,-3648,-2688,-656,1840,54,141,-71,257100,1540453809417
-17344,576,-3584,-2720,-704,1808,49,154,-38,257120,1540453809419
-17408,448,-3712,-2688,-720,1856,28,179,-9,257140,1540453809423
-17024,384,-3456,-2672,-624,1808,2,176,-8,257160,1540453809427
-16640,512,-3520,-2672,-784,1840,-5,143,2,257180,1540453809430
-16640,768,-3456,-2672,-720,1888,-20,155,-1,257200,1540453809468
-16448,768,-3648,-2672,-720,1888,-17,153,-10,257220,1540453809471
-16576,768,-3776,-2688,-656,1872,-22,146,-26,257240,1540453809475
-16512,576,-3648,-2688,-736,1872,-14,136,-32,257260,1540453809519
-16512,576,-3776,-2672,-688,1888,-24,115,-35,257280,1540453809521
-16448,704,-3584,-2720,-752,1856,-31,125,-48,257300,1540453809570
-16512,704,-3648,-2672,-672,1792,-38,119,-60,257320,1540453809573
-16384,576,-3648,-2688,-800,1872,-57,81,-45,257340,1540453809576
-16640,640,-3776,-2688,-672,1856,-71,76,-32,257360,1540453809622
-16832,640,-3712,-2656,-688,1856,-84,114,-57,257380,1540453809624
-16896,640,-3584,-2656,-672,1856,-70,124,-47,257400,1540453809676
-16960,832,-3712,-2608,-736,1856,-93,97,-27,257420,1540453809679
-16768,896,-3648,-2640,-624,1776,-87,111,-26,257440,1540453809686
-17152,1024,-3904,-2560,-640,1808,-85,126,-40,257460,1540453809729
-17216,704,-3904,-2624,-608,1792,-62,140,-42,257480,1540453809731
-17216,896,-3776,-2688,-752,1792,-58,139,-26,257500,1540453809779
-16896,832,-3840,-2656,-688,1808,-54,159,-24,257520,1540453809783
-16832,832,-3648,-2608,-704,1760,-67,134,-20,257540,1540453809786
-16960,832,-3584,-2656,-688,1760,-57,129,-25,257560,1540453809791
-16960,704,-3648,-2640,-800,1824,-68,161,-40,257580,1540453809830
-16896,704,-3712,-2656,-672,1792,-73,145,-23,257600,1540453809880
-16896,640,-3776,-2688,-624,1808,-70,153,-6,257620,1540453809882
-16704,832,-3584,-2640,-720,1776,-76,159,-19,257640,1540453809886
-16640,704,-3712,-2656,-624,1712,-77,149,-22,257660,1540453809931
-16576,768,-3776,-2624,-704,1808,-76,143,-17,257680,1540453809933
-16576,832,-3840,-2672,-672,1744,-74,132,-31,257700,1540453809982
-16768,832,-3648,-2688,-688,1760,-79,135,-37,257720,1540453809985
-16704,704,-3712,-2736,-784,1712,-72,136,-38,257740,1540453810033
-16640,704,-3712,-2720,-704,1760,-65,108,-36,257760,1540453810035
-16576,704,-3584,-2688,-688,1760,-70,107,-41,257780,1540453810039
-16640,768,-3712,-2656,-720,1712,-89,113,-59,257800,1540453810088
-16768,832,-3776,-2704,-832,1744,-67,112,-54,257820,1540453810091
-16832,768,-3840,-2672,-736,1664,-68,131,-61,257840,1540453810096
-16768,768,-3904,-2688,-768,1744,-64,123,-51,257860,1540453810099
-17024,896,-3968,-2736,-688,1712,-67,134,-43,257880,1540453810143
-16832,1088,-3712,-2720,-784,1696,-63,142,-48,257900,1540453810146
-16704,960,-3712,-2736,-720,1712,-69,143,-34,257920,1540453810151
-16704,896,-3840,-2768,-752,1680,-61,124,-23,257940,1540453810194
-16704,1024,-3840,-2720,-736,1696,-50,148,-11,257960,1540453810197
-16640,1024,-3840,-2784,-800,1712,-57,150,-17,257980,1540453810245
-16512,960,-3776,-2704,-704,1632,-50,127,-8,258000,1540453810296
-16448,960,-3840,-2752,-784,1680,-35,102,-7,258020,1540453810299
-16448,1024,-3968,-2704,-784,1696,-18,115,-53,258040,1540453810304
-16576,1024,-4032,-2752,-768,1680,-15,104,-52,258060,1540453810307
-16832,768,-4032,-2720,-736,1648,-11,112,-49,258080,1540453810346
-16896,704,-3904,-2736,-800,1680,-9,137,-37,258100,1540453810348
-16832,448,-3648,-2688,-752,1728,-15,143,-51,258120,1540453810397
-16960,384,-3648,-2672,-720,1680,-16,130,-40,258140,1540453810401
-17088,448,-3584,-2640,-752,1728,-43,144,-21,258160,1540453810501
-16960,576,-3584,-2736,-768,1744,-35,135,-4,258180,1540453810505
-17024,704,-3904,-2720,-768,1680,-28,148,4,258200,1540453810553
-16896,768,-3904,-2720,-752,1712,-27,162,9,258220,1540453810555
-16512,896,-3904,-2720,-816,1696,-27,176,-23,258240,1540453810602
-16448,960,-3904,-2752,-768,1728,-29,159,-27,258260,1540453810605
-16448,832,-3904,-2720,-832,1760,-14,147,-35,258280,1540453810654
-16576,896,-4096,-2736,-768,1744,-12,138,-37,258300,1540453810657
-16704,576,-3968,-2752,-832,1712,-20,150,-49,258320,1540453810706
-16704,448,-3904,-2720,-752,1712,-33,145,-43,258340,1540453810758
-16704,512,-3904,-2768,-864,1696,-19,133,-27,258360,1540453810760
-16704,768,-3712,-2720,-784,1728,-34,130,-38,258380,1540453810812
-16768,576,-3840,-2704,-816,1760,-41,131,-18,258400,1540453810816
-16832,576,-3840,-2752,-768,1744,-38,136,-21,258420,1540453810860
-16704,576,-3904,-2736,-832,1776,-37,139,-27,258440,1540453810864
-16640,576,-3840,-2768,-768,1776,-42,116,-11,258460,1540453810868
-16704,896,-4032,-2704,-784,1712,-42,130,-16,258480,1540453810914
-16768,704,-4032,-2720,-736,1696,-29,134,-36,258500,1540453811018
-16576,896,-3776,-2672,-752,1728,-22,132,-47,258520,1540453811020
-16512,640,-3968,-2672,-736,1744,-25,124,-38,258540,1540453811024
-16512,640,-3968,-2768,-784,1744,-24,113,-41,258560,1540453811029
-16768,640,-3904,-2736,-832,1712,-17,150,-49,258580,1540453811067
-16960,704,-3904,-2816,-816,1744,-19,143,-38,258600,1540453811071
-16640,896,-3904,-2768,-768,1776,-17,118,-26,258620,1540453811119
-16704,768,-3776,-2752,-736,1760,-10,120,-30,258640,1540453811170
-16576,896,-3776,-2752,-784,1760,-12,141,-54,258660,1540453811172
-17024,960,-4288,-2768,-848,1728,9,144,-17,258680,1540453811222
-17024,768,-4096,-2752,-768,1712,4,156,-26,258700,1540453811225
-16704,768,-3904,-2768,-704,1760,-3,145,-27,258720,1540453811232
-16640,576,-3904,-2720,-752,1760,0,131,-5,258740,1540453811329
-16576,576,-3648,-2768,-720,1760,-9,137,-15,258760,1540453811332
-16768,448,-3840,-2768,-752,1776,-19,141,-12,258780,1540453811380
-16768,640,-3904,-2784,-832,1792,-26,138,-20,258800,1540453811383
-16704,576,-3840,-2768,-816,1776,-28,143,-17,258820,1540453811431
-16576,704,-3904,-2752,-704,1760,-25,150,-21,258840,1540453811434
-16576,512,-3776,-2752,-736,1792,-28,124,-25,258860,1540453811483
-16576,640,-3776,-2816,-816,1808,-36,130,-13,258880,1540453811534
-16768,704,-4032,-2768,-720,1744,-36,152,-20,258900,1540453811584
-16704,576,-3840,-2752,-848,1808,-33,145,-23,258920,1540453811587
-16768,768,-3968,-2768,-784,1808,-37,136,-11,258940,1540453811635
-16704,704,-3904,-2800,-784,1744,-38,126,-11,258960,1540453811638
-16576,768,-3776,-2768,-752,1728,-32,136,1,258980,1540453811742
-16640,896,-3968,-2752,-800,1744,-26,129,-14,259000,1540453811746
-16768,896,-3904,-2768,-736,1712,-19,124,8,259020,1540453811750
-16704,960,-3968,-2736,-800,1760,-26,143,5,259040,1540453811753
-16576,768,-4032,-2704,-720,1760,-18,138,0,259060,1540453811755
-16640,896,-3904,-2768,-768,1776,-19,125,-12,259080,1540453811792
-16512,896,-4032,-2704,-768,1792,22,117,11,259100,1540453811797
-16704,768,-3904,-2784,-816,1792,29,132,-2,259120,1540453811844
-16704,896,-3904,-2736,-752,1808,28,144,-35,259140,1540453811847
-16832,896,-3776,-2800,-752,1824,13,153,-32,259160,1540453811944
-16960,704,-3776,-2752,-656,1808,14,158,-28,259180,1540453811946
-16960,960,-3840,-2784,-720,1808,7,156,-19,259200,1540453811950
-16960,960,-3968,-2768,-736,1792,21,169,-26,259220,1540453811998
-16960,896,-4096,-2784,-688,1824,-5,175,-18,259240,1540453812001
-16704,1024,-4096,-2784,-752,1840,8,171,-26,259260,1540453812051
-16704,1024,-4096,-2784,-688,1808,2,169,-25,259280,1540453812054
-16704,896,-4096,-2784,-784,1840,14,187,-28,259300,1540453812103
-16768,640,-4096,-2864,-704,1872,4,178,-34,259320,1540453812154
-16704,576,-3840,-2880,-784,1872,6,192,-43,259340,1540453812156
-16512,384,-3520,-2752,-752,1856,-15,182,-39,259360,1540453812208
-16576,320,-3584,-2832,-784,1840,-20,161,-16,259380,1540453812258
-16512,576,-3776,-2784,-720,1824,-24,148,-7,259400,1540453812262
-16384,960,-4096,-2864,-640,1920,-26,137,-22,259420,1540453812265
-16384,1024,-4224,-2800,-704,1840,-13,127,-44,259440,1540453812311
-16320,1024,-4032,-2816,-784,1856,-10,113,-50,259460,1540453812364
-16384,1088,-3776,-2848,-672,1840,-16,121,-74,259480,1540453812415
-16704,960,-3840,-2800,-704,1872,-11,112,-63,259500,1540453812418
-16832,832,-3648,-2768,-672,1872,-13,126,-55,259520,1540453812422
-17152,512,-3584,-2784,-608,1888,-28,123,-26,259540,1540453812464
-17152,320,-3392,-2784,-656,1872,-42,133,-32,259560,1540453812517
-17408,512,-3520,-2784,-592,1840,-54,152,-52,259580,1540453812519
-17152,576,-3776,-2784,-640,1872,-61,160,-19,259600,1540453812523
-17152,576,-3712,-2816,-576,1872,-53,168,-4,259620,1540453812569
-17088,768,-3840,-2816,-624,1872,-38,197,-14,259640,1540453812572
-17088,896,-3840,-2768,-704,1872,-31,199,-2,259660,1540453812621
-16768,896,-3968,-2800,-608,1904,-22,187,-3,259680,1540453812675
-16576,832,-3840,-2800,-624,1840,-25,161,-2,259700,1540453812677
-16448,960,-3712,-2816,-624,1888,-43,171,-15,259720,1540453812726
-16512,1152,-3776,-2816,-608,1856,-22,173,-23,259740,1540453812730
-16384,1152,-3968,-2848,-560,1856,-22,166,-33,259760,1540453812736
-16448,1088,-4096,-2880,-720,1936,-15,135,-25,259780,1540453812739
-16640,1088,-3968,-2864,-624,1840,-24,156,-32,259800,1540453812778
-16576,896,-3776,-2864,-672,1888,-7,171,-34,259820,1540453812783
-16640,768,-3840,-2800,-640,1840,-17,160,-23,259840,1540453812828
-16448,832,-3712,-2896,-624,1856,-32,119,-24,259860,1540453812881
-16512,768,-3584,-2832,-624,1856,-52,110,-30,259880,1540453812883
-16640,768,-3776,-2816,-560,1904,-50,125,-46,259900,1540453812931
-16832,768,-3968,-2832,-624,1840,-37,134,-44,259920,1540453812983
-17024,768,-3840,-2832,-656,1904,-33,124,-17,259940,1540453812985
-16704,704,-3584,-2784,-624,1888,-41,122,-13,259960,1540453813033
-16704,640,-3840,-2816,-688,1856,-44,134,-34,259980,1540453813085
-16832,832,-3712,-2784,-608,1872,-32,142,-36,260000,1540453813087
-16768,704,-3776,-2848,-720,1872,-39,136,-43,260020,1540453813140
-16896,768,-3840,-2800,-608,1888,-26,129,-29,260040,1540453813144
-16960,576,-3776,-2848,-608,1904,-38,145,-22,260060,1540453813192
-16768,704,-3712,-2800,-624,1904,-45,177,-28,260080,1540453813242
-16576,768,-3392,-2848,-704,1856,-51,164,-32,260100,1540453813247
-16576,896,-3520,-2848,-576,1840,-45,132,-8,260120,1540453813297
-16832,960,-3840,-2864,-720,1888,-47,141,-18,260140,1540453813300
-16896,960,-4032,-2816,-608,1840,-58,175,-43,260160,1540453813304
-16832,768,-4032,-2896,-688,1840,-38,180,-15,260180,1540453813351
-16640,896,-3840,-2848,-624,1904,-44,141,-17,260200,1540453813354
-16768,704,-3840,-2848,-640,1888,-48,146,-16,260220,1540453813401
-16512,640,-3712,-2848,-592,1840,-48,156,-10,260240,1540453813403
-16768,704,-3648,-2832,-656,1888,-57,142,-14,260260,1540453813452
-16832,704,-3840,-2800,-624,1872,-73,146,2,260280,1540453813454
-16896,640,-3776,-2832,-752,1856,-73,121,6,260300,1540453813502
-17088,640,-3712,-2864,-720,1840,-78,98,28,260320,1540453813505
-17088,640,-3904,-2864,-736,1840,-87,134,20,260340,1540453813552
-17152,832,-3904,-2832,-832,1872,-77,153,47,260360,1540453813603
-17088,768,-3648,-2880,-784,1808,-71,159,35,260380,1540453813654
-16832,960,-3584,-2912,-832,1840,-54,146,33,260400,1540453813656
-16576,896,-3712,-2880,-832,1840,-60,156,20,260420,1540453813660
-16448,1024,-3648,-2880,-880,1856,-43,158,9,260440,1540453813709
-16512,1024,-3712,-2896,-864,1840,-46,160,9,260460,1540453813713
-16384,1088,-3520,-2848,-848,1808,-51,149,-18,260480,1540453813761
-16256,1280,-3712,-2880,-800,1824,-35,141,-29,260500,1540453813812
-16256,1216,-3776,-2944,-896,1840,-29,122,-34,260520,1540453813814
-16640,1216,-4096,-2880,-848,1808,-21,123,-17,260540,1540453813862
-16768,1280,-4096,-2848,-880,1824,-1,136,-27,260560,1540453813969
-16768,1152,-3840,-2896,-848,1840,-27,136,-46,260580,1540453813973
-16640,1088,-3712,-2896,-864,1824,-29,122,-20,260600,1540453813976
-16768,896,-3520,-2848,-880,1808,-44,118,-28,260620,1540453814070
-16896,896,-3520,-2816,-816,1808,-41,120,-17,260640,1540453814073
-16704,704,-3520,-2800,-816,1792,-56,125,-13,260660,1540453814077
-16960,896,-3712,-2912,-896,1792,-56,129,-3,260680,1540453814176
-16960,768,-3648,-2816,-848,1824,-49,126,-15,260700,1540453814179
-16768,832,-3840,-2816,-816,1792,-42,139,-20,260720,1540453814184
-16704,896,-3840,-2784,-768,1776,-51,118,-15,260740,1540453814281
-16704,896,-3776,-2800,-768,1792,-33,119,-30,260760,1540453814284
-16768,960,-3968,-2816,-800,1792,-50,134,-22,260780,1540453814331
-16512,1088,-3840,-2832,-800,1792,-53,138,-50,260800,1540453814382
-16576,1024,-3904,-2816,-800,1824,-39,112,-21,260820,1540453814433
-16704,1024,-3904,-2816,-880,1808,-45,116,-29,260840,1540453814436
-16704,896,-3904,-2816,-816,1792,-58,130,-34,260860,1540453814483
-16576,960,-3840,-2832,-896,1776,-46,94,-24,260880,1540453814535
-16832,1024,-3904,-2784,-752,1760,-59,96,-14,260900,1540453814538
-16704,960,-3968,-2816,-864,1776,-60,95,-14,260920,1540453814583
-16960,1024,-4032,-2816,-832,1776,-52,105,-6,260940,1540453814587
-16960,1024,-3840,-2784,-864,1792,-51,141,-15,260960,1540453814634
-16832,1024,-3904,-2784,-848,1744,-40,105,-13,260980,1540453814685
-16832,1088,-3840,-2848,-928,1776,-34,136,-25,261000,1540453814688
-16640,1088,-3776,-2800,-816,1760,-39,122,-27,261020,1540453814736
-16896,960,-3904,-2816,-896,1808,-38,129,-12,261040,1540453814738
-16832,1024,-3904,-2784,-864,1792,-29,154,-41,261060,1540453814788
-16704,960,-3776,-2800,-944,1776,-25,173,-29,261080,1540453814791
-16384,960,-3904,-2768,-864,1808,-23,146,-35,261100,1540453814838
-16384,1088,-3968,-2816,-912,1760,-33,115,-43,261120,1540453814892
-16832,1024,-4224,-2768,-816,1808,-31,142,-58,261140,1540453814894
-16832,1152,-4288,-2864,-864,1776,-28,142,-57,261160,1540453814943
-16896,896,-3840,-2816,-800,1792,-12,142,-36,261180,1540453815048
-16320,832,-3904,-2784,-912,1776,-16,140,-67,261200,1540453815051
-16384,832,-3648,-2800,-832,1760,-34,133,-79,261220,1540453815055
-16448,832,-3648,-2768,-848,1792,-28,104,-50,261240,1540453815097
-16704,640,-3840,-2800,-816,1744,-42,117,-47,261260,1540453815101
-16896,768,-4032,-2816,-832,1760,-38,125,-29,261280,1540453815148
-17024,960,-4032,-2768,-832,1744,-44,109,-23,261300,1540453815199
-16960,960,-4032,-2768,-816,1760,-32,112,-36,261320,1540453815250
-16896,1088,-4032,-2800,-816,1744,-22,124,-8,261340,1540453815253
-17024,1024,-4032,-2768,-832,1792,-28,138,-15,261360,1540453815357
-17088,1024,-4096,-2800,-816,1792,-16,160,-25,261380,1540453815360
-16768,960,-3840,-2800,-832,1760,-24,151,-9,261400,1540453815365
-16832,896,-3840,-2784,-928,1792,-10,142,-6,261420,1540453815409
-16832,832,-3904,-2816,-864,1712,-30,164,-9,261440,1540453815461
-16640,832,-3776,-2816,-944,1808,-23,168,-15,261460,1540453815464
-16704,960,-3776,-2784,-912,1760,-35,156,-15,261480,1540453815512
-16512,896,-3840,-2816,-912,1760,-48,167,-6,261500,1540453815514
-16512,960,-3904,-2848,-864,1760,-32,163,-18,261520,1540453815564
-16640,960,-4032,-2800,-896,1776,-31,162,-25,261540,1540453815614
-16768,1024,-3968,-2816,-912,1808,-45,164,-17,261560,1540453815617
-16640,1024,-4160,-2768,-832,1792,-26,150,-24,261580,1540453815664
-16832,896,-3904,-2800,-912,1808,-30,147,-29,261600,1540453815715
-16704,896,-3840,-2768,-944,1744,-24,150,-14,261620,1540453815717
-16768,960,-3840,-2800,-832,1824,-44,147,-9,261660,1540453815766
-16448,896,-3712,-2800,-912,1760,-39,134,-11,261720,1540453815769
-16320,1024,-3904,-2768,-768,1792,-49,109,-23,261740,1540453815774
-16640,1216,-3968,-2832,-944,1760,-21,149,-13,261780,1540453815816
-16448,1024,-3904,-2768,-928,1824,-29,148,-47,261820,1540453815818
-16512,960,-3584,-2800,-880,1760,-38,119,-23,261840,1540453815869
-16512,960,-3648,-2768,-832,1760,18,41,48,261860,1540453815976
-17024,1216,-4096,-2560,-960,1696,-42,129,1,261920,1540453815979
-16704,1216,-3968,-2528,-928,1680,-24,128,-28,261960,1540453815983
-16896,1216,-3904,-2480,-1040,1696,-12,138,-36,261980,1540453816030
-16896,1088,-3968,-2464,-992,1728,-7,153,-58,262000,1540453816081
-17088,1216,-3904,-2576,-912,1728,21,165,-68,262060,1540453816084
-17024,1152,-3904,-2496,-1008,1776,38,175,-63,262100,1540453816089
-16832,960,-4032,-2576,-1056,1808,41,166,-47,262140,1540453816131
-16640,960,-3904,-2592,-960,1808,60,180,-74,262200,1540453816134
-16320,1024,-3968,-2608,-992,1872,52,176,-87,262220,1540453816183
-16576,704,-3776,-2656,-1056,1856,44,154,-79,262260,1540453816185
-16576,832,-3968,-2656,-944,1872,27,154,-96,262280,1540453816234
-16576,576,-3840,-2656,-1008,1872,2,129,-56,262320,1540453816237
-16320,640,-3904,-2688,-1008,1920,-3,119,-72,262340,1540453816242
-16960,832,-4160,-2656,-976,1904,6,142,-57,262380,1540453816286
-17152,768,-4032,-2688,-960,1952,5,150,-43,262400,1540453816288
-16768,640,-3776,-2688,-976,1920,-14,182,-47,262440,1540453816337
-16768,640,-3712,-2672,-992,1920,-31,182,-65,262460,1540453816340
-16768,640,-3712,-2704,-944,1968,-34,147,-33,262500,1540453816388
-16832,832,-3904,-2688,-912,1936,-31,171,-32,262540,1540453816391
-16576,960,-3904,-2752,-1008,1904,-37,156,-41,262560,1540453816443
-16640,768,-3904,-2720,-960,1904,-57,151,-51,262580,1540453816492
-16512,896,-3904,-2752,-896,1920,-40,135,-24,262600,1540453816496
-16768,960,-3904,-2752,-896,1952,-26,144,-11,262640,1540453816543
-16640,832,-3776,-2720,-992,1920,-22,135,-16,262700,1540453816594
-16832,768,-3840,-2720,-912,1968,-40,140,3,262720,1540453816598
-16768,896,-3840,-2688,-960,1920,-52,128,9,262740,1540453816646
-16768,896,-3904,-2704,-944,1920,-45,148,7,262800,1540453816651
-16512,832,-3840,-2672,-960,1888,-30,142,3,262820,1540453816656
-16896,832,-4160,-2656,-1008,1936,-26,166,-31,262880,1540453816698
-16640,960,-3712,-2656,-960,1936,-17,169,-44,262900,1540453816703
-16640,1024,-3648,-2576,-768,1952,-5,109,-33,262920,1540453816748
-16768,960,-4032,-2704,-912,1936,-15,133,-60,262960,1540453816752
-16896,1152,-3904,-2672,-912,1968,-9,156,-52,262980,1540453816803
-16704,768,-3584,-2736,-1008,1968,-3,144,-51,263040,1540453816854
-16960,512,-3712,-2688,-880,1968,-37,160,-33,263100,1540453816857
-16768,512,-3776,-2704,-1024,1952,-43,152,-33,263120,1540453816907
-16704,576,-3776,-2672,-928,1952,-49,137,-20,263140,1540453816911
-16512,704,-3712,-2784,-928,1920,-68,142,-51,263180,1540453816960
-16448,896,-3776,-2752,-928,1904,-63,110,-51,263220,1540453817009
-16832,768,-3776,-2688,-896,1952,-52,123,-25,263260,1540453817013
-16640,896,-3776,-2752,-976,1984,-32,98,-25,263280,1540453817017
-16768,1024,-3712,-2672,-912,1952,-41,87,-34,263300,1540453817062
-16896,960,-3840,-2752,-1008,1920,-45,103,-27,263320,1540453817064
-17024,960,-3904,-2768,-992,1984,-23,113,-4,263360,1540453817112
-16704,896,-3840,-2704,-992,1936,-3,137,-27,263400,1540453817163
-16832,896,-3904,-2704,-944,1904,-11,116,-18,263420,1540453817166
-16768,768,-3840,-2752,-992,1968,5,188,-38,263480,1540453817171
-16512,704,-3712,-2720,-928,1936,26,162,-33,263500,1540453817327
-16320,1024,-3840,-2736,-960,1968,26,122,-25,263520,1540453817330
-16512,1152,-4096,-2784,-928,1968,26,144,-26,263540,1540453817333
-16640,960,-3968,-2752,-928,1984,49,130,2,263580,1540453817375
-16704,896,-4032,-2800,-928,2000,61,150,-6,263600,1540453817426
-16768,896,-3904,-2768,-912,1968,42,146,-18,263620,1540453817478
-16832,640,-3968,-2704,-912,2048,65,151,-19,263640,1540453817481
-16960,576,-3776,-2736,-960,2048,49,124,-8,263660,1540453817529
-16640,704,-3712,-2736,-912,2032,41,166,-1,263720,1540453817531
-16512,704,-3840,-2736,-880,2032,35,150,-23,263760,1540453817582
-16512,768,-3968,-2688,-848,2128,33,134,-8,263780,1540453817584
-16640,704,-3776,-2752,-832,2160,34,126,-29,263840,1540453817635
-16448,640,-3712,-2736,-816,2128,21,109,-24,263860,1540453817637
-16448,512,-3776,-2720,-832,2128,25,94,-17,263880,1540453817641
-16640,768,-3776,-2736,-816,2192,41,53,7,263900,1540453817687
-17280,1088,-4096,-2768,-832,2192,53,98,32,263940,1540453817689
-17536,1152,-4224,-2784,-848,2224,57,158,44,263960,1540453817739
-17088,1088,-4096,-2736,-848,2240,56,147,53,263980,1540453817742
-16704,1088,-3648,-2816,-880,2208,70,124,26,264000,1540453817897
-16576,1024,-3584,-2800,-800,2272,50,149,14,264020,1540453817900
-16704,960,-3776,-2752,-880,2288,65,166,11,264040,1540453817904
-16640,1152,-3776,-2800,-928,2256,57,191,-8,264060,1540453818000
-16384,1152,-3776,-2800,-864,2288,53,139,-6,264080,1540453818004
-16320,1088,-3712,-2768,-848,2272,36,116,-31,264120,1540453818010
-16448,1088,-3840,-2752,-880,2320,33,162,-64,264140,1540453818049
-16896,1088,-3904,-2768,-816,2336,31,169,-67,264160,1540453818053
-16704,1024,-3776,-2752,-832,2368,31,140,-51,264180,1540453818100
-16576,896,-3840,-2688,-800,2320,47,96,-25,264200,1540453818102
-16960,704,-3776,-2720,-816,2384,-3,129,40,264260,1540453818150
-16704,1216,-3904,-2720,-800,2448,-1,106,42,264300,1540453818258
-16704,1408,-3968,-2736,-672,2416,-2,131,34,264320,1540453818261
-16576,1344,-3968,-2720,-736,2432,-11,137,3,264360,1540453818265
-16576,1280,-3968,-2768,-816,2448,15,115,7,264380,1540453818309
-16512,1344,-3968,-2720,-720,2416,-5,136,-59,264400,1540453818360
-16576,1216,-3904,-2672,-800,2448,-20,149,-61,264420,1540453818363
-16640,1344,-3840,-2688,-752,2448,-9,120,-45,264440,1540453818368
-16640,1472,-3968,-2784,-800,2448,-26,158,-98,264480,1540453818412
-16448,1600,-4032,-2768,-752,2416,-1,140,-69,264500,1540453818414
-16704,1536,-3840,-2768,-704,2432,3,122,-85,264520,1540453818463
-17088,1280,-4032,-2816,-768,2464,15,179,-113,264540,1540453818466
-17088,832,-3584,-2832,-752,2448,20,222,-62,264580,1540453818471
-16832,768,-3584,-2816,-816,2512,1,210,-34,264600,1540453818513
-16704,704,-3584,-2832,-832,2496,-12,212,-20,264620,1540453818563
-16448,1280,-3904,-2864,-752,2496,-20,178,-42,264660,1540453818565
-16384,1152,-4032,-2896,-704,2544,-17,163,-46,264700,1540453818614
-16384,1024,-3904,-2896,-800,2512,-20,142,-40,264720,1540453818665
-15936,1152,-3712,-2976,-832,2560,-27,67,-70,264760,1540453818668
-15872,1152,-3840,-2960,-688,2528,-41,38,-47,264780,1540453818715
-16320,1088,-3712,-2912,-768,2512,-40,41,-49,264800,1540453818718
-16960,1152,-4096,-2800,-640,2464,-51,62,-40,264840,1540453818769
-16832,1152,-4096,-2832,-672,2512,-47,43,-47,264860,1540453818821
-16832,1216,-3968,-2848,-672,2464,-34,51,-38,264880,1540453818823
-17280,1088,-4032,-2816,-656,2512,-29,139,-60,264920,1540453818875
-17088,832,-3904,-2800,-688,2496,-29,146,-49,264940,1540453818879
-16960,704,-3648,-2768,-736,2496,-50,134,-22,264960,1540453818882
-16512,1024,-4160,-2848,-624,2416,-68,130,-60,265080,1540453818927
-16576,1024,-4288,-2832,-560,2432,-60,128,-62,265100,1540453818930
-16640,1024,-4288,-2832,-656,2416,-75,118,-56,265120,1540453818979
-16704,896,-4096,-2816,-704,2464,-67,130,-44,265160,1540453818981
-16512,704,-3584,-2816,-608,2464,-75,113,-33,265200,1540453819029
-16896,896,-4032,-2832,-608,2400,-103,116,-28,265260,1540453819032
-17152,896,-4096,-2784,-656,2384,-91,135,-34,265280,1540453819080
-16832,768,-3968,-2800,-624,2368,-91,142,-36,265300,1540453819130
-16640,832,-4096,-2768,-688,2384,-92,122,-46,265320,1540453819133
-16576,640,-4096,-2800,-560,2368,-100,117,-38,265340,1540453819137
-16960,384,-3968,-2800,-608,2368,-118,113,-21,265380,1540453819180
-16768,448,-4096,-2800,-608,2336,-120,139,1,265400,1540453819183
-16448,1088,-4224,-2784,-592,2336,-85,98,-12,265420,1540453819232
-16256,1216,-4096,-2816,-624,2320,-86,111,-42,265440,1540453819234
-16320,1280,-4544,-2768,-560,2272,-94,100,-52,265460,1540453819238
-16512,1344,-4544,-2848,-592,2256,-76,83,-67,265480,1540453819286
-16704,1216,-4608,-2816,-560,2304,31,23,-115,265500,1540453819337
-16832,1344,-4480,-2880,-560,2272,-85,82,-36,265520,1540453819339
-16768,1024,-4352,-2896,-608,2288,-18,103,-1,265620,1540453819392
-16768,768,-4352,-2864,-624,2304,-17,120,-27,265660,1540453819396
-16896,640,-4032,-2800,-656,2320,-26,149,-33,265680,1540453819400
-16512,64,-3968,-2896,-656,2272,-105,139,8,265760,1540453819442
-16448,192,-3904,-2864,-720,2256,-122,136,19,265780,1540453819446
-16448,704,-4160,-2864,-656,2272,-127,132,18,265800,1540453819492
-16640,832,-4672,-2880,-704,2240,-132,127,14,265820,1540453819496
-16512,960,-4544,-2848,-656,2208,-113,93,24,265840,1540453819542
-16384,1152,-4544,-2816,-560,2192,-126,84,9,265860,1540453819545
-16448,1216,-4544,-2832,-624,2208,-102,103,-22,265880,1540453819645
-16704,1024,-4416,-2704,-688,2160,-95,99,2,265940,1540453819648
-16768,960,-4416,-2752,-656,2128,-82,123,0,266000,1540453819652
-16576,1088,-4352,-2720,-704,2080,-87,123,5,266020,1540453819696
-16896,1024,-4416,-2784,-720,2112,-51,110,42,266040,1540453819747
-16512,1024,-4608,-2784,-688,2064,-52,127,0,266100,1540453819750
-16512,1216,-4608,-2768,-704,2096,-33,148,-2,266120,1540453819849
-16448,1152,-4736,-2800,-768,2080,-32,155,-21,266140,1540453819852
-16384,1280,-4736,-2704,-736,2128,-19,148,-18,266160,1540453819856
-16512,1152,-4672,-2784,-752,2112,-17,141,-25,266180,1540453819902
-16576,1088,-4608,-2816,-768,2096,-11,136,-29,266200,1540453819955
-16576,1024,-4480,-2800,-688,2064,-22,139,-29,266220,1540453819958
-16640,960,-4544,-2752,-736,2064,-17,124,-26,266240,1540453820009
-16704,704,-4544,-2720,-688,2112,-41,128,-6,266280,1540453820013
-16832,704,-4608,-2768,-800,2128,-33,148,1,266300,1540453820062
-16448,704,-4352,-2784,-768,2128,-42,118,8,266340,1540453820065
-16448,960,-4544,-2752,-720,2064,-62,108,-6,266360,1540453820113
-16768,1024,-4928,-2784,-768,2096,-63,143,-38,266380,1540453820115
-16768,1088,-4608,-2800,-720,2032,-51,160,-29,266400,1540453820165
-16640,896,-4608,-2768,-816,2080,-64,131,-13,266460,1540453820168
-16640,1088,-4416,-2768,-784,2016,-73,138,-12,266480,1540453820214
-16640,1088,-4480,-2800,-816,2080,-62,165,-11,266500,1540453820218
-16576,1088,-4544,-2784,-688,2080,-66,152,-24,266520,1540453820265
-16704,1280,-4864,-2768,-800,2032,-45,151,-22,266580,1540453820269
-16512,1088,-4544,-2800,-784,2016,-60,129,-28,266600,1540453820272
-16512,1152,-4480,-2784,-880,2032,-30,109,-24,266640,1540453820316
-16704,1216,-4736,-2784,-800,2016,-18,128,-23,266660,1540453820367
-16768,1024,-4672,-2768,-832,1984,-32,157,-19,266680,1540453820369
-16768,1280,-4288,-2784,-832,2064,-20,158,-11,266700,1540453820418
-16640,1216,-4608,-2784,-816,2016,-19,147,-15,266720,1540453820470
-16512,1280,-4608,-2816,-800,2048,-17,153,-24,266740,1540453820520
-16576,1216,-4544,-2720,-864,2048,-17,172,-29,266760,1540453820522
-16640,896,-4544,-2784,-800,2032,-20,149,7,266820,1540453820526
-16704,896,-4608,-2768,-832,2048,-27,161,0,266840,1540453820571
-16640,768,-4480,-2752,-832,2048,-22,171,7,266860,1540453820625
-16512,768,-4544,-2736,-784,2048,-40,130,21,266880,1540453820675
-16640,960,-4416,-2736,-864,2064,-43,145,6,266900,1540453820680
-16576,832,-4416,-2720,-768,2016,-62,159,-13,266920,1540453820727
-16512,768,-4352,-2800,-864,2064,-50,133,-17,266940,1540453820730
-16384,960,-4416,-2768,-656,2016,-46,120,-8,266960,1540453820779
-16704,1280,-4736,-2800,-784,2016,-30,131,-35,267000,1540453820781
-16640,1344,-4672,-2704,-848,1984,-39,133,-29,267020,1540453820831
-16384,1216,-4416,-2656,-832,1968,-44,143,-43,267040,1540453820834
-16512,1280,-4608,-2720,-752,2032,-43,113,-36,267080,1540453820839
-16448,1152,-4544,-2736,-832,2000,-30,121,-42,267100,1540453820880
-16512,1216,-4544,-2736,-752,2032,-57,116,-32,267120,1540453820935
-16768,1216,-4608,-2704,-816,2000,-29,109,-4,267140,1540453820937
-16576,1280,-4544,-2768,-752,2016,-25,142,-36,267180,1540453820987
-16448,1344,-4736,-2752,-864,2000,-38,123,-19,267200,1540453820989
-16704,1152,-4608,-2736,-752,1984,-20,113,-16,267220,1540453820993
-16896,1280,-4608,-2768,-816,2048,-27,136,-22,267240,1540453821037
-16768,1280,-4416,-2752,-768,2016,-18,168,-36,267260,1540453821039
-16768,1280,-4480,-2752,-800,1984,-29,152,-18,267280,1540453821088
-16896,1024,-4480,-2720,-736,2016,-5,148,-24,267300,1540453821091
-16576,1216,-4544,-2784,-864,2032,-14,165,-26,267320,1540453821141
-16512,1216,-4736,-2816,-848,2032,-10,159,-33,267400,1540453821192
-16448,1152,-4480,-2736,-800,2064,-23,156,-39,267420,1540453821197
-16320,1216,-4736,-2896,-848,2048,-32,143,-26,267440,1540453821244
-16448,960,-4416,-2784,-864,2064,-26,118,-26,267480,1540453821295
-16512,1024,-4352,-2752,-784,2048,-36,120,-24,267500,1540453821299
-16640,1152,-4544,-2784,-864,2016,-26,141,-23,267560,1540453821347
-16512,1536,-4672,-2816,-864,2048,-24,147,-56,267600,1540453821352
-16704,1472,-4800,-2816,-848,2128,-22,153,-67,267620,1540453821398
-16704,1088,-4544,-2816,-848,2048,-18,138,-30,267640,1540453821402
-16768,1024,-4480,-2816,-736,2096,-26,145,-17,267660,1540453821453
-16576,960,-4608,-2800,-880,2096,-35,167,-13,267720,1540453821504
-16640,960,-4672,-2816,-848,2048,-45,158,-15,267740,1540453821559
-16640,1088,-4608,-2784,-896,2096,-32,163,-19,267760,1540453821562
-16384,1216,-4416,-2848,-864,2064,-33,164,-58,267800,1540453821564
-16384,1088,-4352,-2768,-896,2080,-47,129,-30,267820,1540453821612
-16640,1024,-4480,-2832,-848,2128,-35,143,-27,267840,1540453821662
-16448,1216,-4608,-2816,-768,2144,-35,138,-25,267900,1540453821665
-16384,1472,-4736,-2784,-800,2064,-19,121,-30,267920,1540453821670
-16512,1280,-4736,-2848,-848,2064,-24,138,-34,267940,1540453821712
-16832,1152,-4736,-2848,-848,2112,-21,124,-12,267960,1540453821715
-16512,1088,-4480,-2800,-864,2064,-32,140,-25,267980,1540453821764
-16640,1088,-4480,-2816,-864,2080,-17,115,-21,268000,1540453821767
-16576,1152,-4480,-2832,-944,2096,-9,123,-34,268020,1540453821815
-16704,1088,-4544,-2848,-864,2064,-24,122,-34,268040,1540453821817
-16640,1024,-4480,-2864,-864,2064,-41,120,-34,268080,1540453821868
-16704,1088,-4608,-2832,-880,2080,-30,137,-39,268120,1540453821870
-16704,960,-4352,-2832,-848,2048,-24,110,-32,268140,1540453821924
-16704,1152,-4672,-2864,-848,2080,-34,141,-52,268160,1540453821929
-16896,1152,-4544,-2864,-928,2080,-30,148,-29,268180,1540453821977
-16512,1216,-4672,-2864,-880,2048,-26,136,-34,268220,1540453821980
-16768,1152,-4736,-2864,-800,2096,-18,179,-50,268280,1540453822028
-16704,1088,-4672,-2880,-896,2096,-1,191,-50,268300,1540453822032
-16448,1088,-4480,-2864,-864,2096,-3,164,-38,268320,1540453822078
-16576,1088,-4480,-2864,-816,2080,-35,158,-42,268360,1540453822183
-16640,960,-4352,-2864,-880,2128,-21,184,-22,268380,1540453822186
-16384,1216,-4608,-2848,-848,2128,-22,160,-48,268440,1540453822190
-16384,1152,-4352,-2912,-896,2112,-24,137,-28,268460,1540453822194
-16640,1088,-4544,-2896,-880,2128,-29,159,-24,268500,1540453822234
-16704,1152,-4544,-2896,-848,2128,-15,154,-1,268520,1540453822238
-16384,1088,-4544,-2928,-848,2128,-20,148,-15,268540,1540453822293
-16320,1152,-4544,-2880,-816,2112,-8,139,-26,268560,1540453822297
-16320,1024,-4544,-2960,-848,2208,-28,147,-25,268580,1540453822299
-16640,960,-4608,-2944,-880,2144,-44,133,-16,268620,1540453822398
-16512,960,-4416,-2944,-816,2112,-45,135,-8,268640,1540453822401
-16576,896,-4288,-2912,-928,2128,-50,129,-7,268660,1540453822407
-16640,896,-4288,-2864,-800,2144,-64,128,-21,268680,1540453822410
-16704,1024,-4544,-2928,-896,2128,-77,135,11,268720,1540453822449
-16640,960,-4544,-2944,-896,2144,-69,125,6,268740,1540453822453
-16448,1216,-4608,-2912,-816,2128,-66,144,-20,268760,1540453822498
-16256,1024,-4224,-2912,-896,2096,-72,117,-9,268800,1540453822601
-16512,1216,-4672,-2896,-912,2096,-62,95,-15,268820,1540453822604
-16704,1408,-4736,-2960,-928,2128,-59,120,-41,268840,1540453822652
-16768,1280,-4608,-2880,-912,2096,-56,121,-41,268860,1540453822655
-16704,1216,-4480,-2928,-912,2064,-52,114,-24,268880,1540453822658
-16832,1280,-4736,-2864,-896,2080,-43,135,-37,268900,1540453822703
-16576,1088,-4544,-2912,-864,2112,-41,118,-18,268940,1540453822705
-16768,1152,-4544,-2896,-800,2064,-55,138,1,269000,1540453822755
-16256,1216,-4608,-2864,-864,2032,-38,148,5,269020,1540453822758
-16256,1152,-4480,-2912,-896,2064,-47,105,-19,269060,1540453822812
-16320,1152,-4736,-2864,-928,2032,-56,104,-25,269080,1540453822814
-16640,1024,-4736,-2784,-912,2032,-46,129,-19,269100,1540453822819
-16448,1280,-4480,-2832,-816,2000,-40,85,5,269160,1540453822865
-16512,1216,-4416,-2848,-864,2032,-33,102,9,269180,1540453822918
-16640,1280,-4672,-2832,-784,2016,-34,110,5,269200,1540453823019
-16640,1408,-4736,-2832,-848,2032,-26,119,-7,269220,1540453823021
-16640,1344,-4736,-2800,-912,2064,-16,118,-12,269260,1540453823026
-16576,1280,-4736,-2848,-880,2048,-26,118,-30,269300,1540453823126
-16576,1280,-4800,-2848,-848,2048,-15,133,-13,269340,1540453823129
-16704,1216,-4800,-2848,-944,2064,-28,146,-32,269360,1540453823133
-16576,1216,-4864,-2832,-848,2048,-32,159,-39,269380,1540453823232
-16256,1216,-4672,-2800,-864,2064,-29,119,-28,269420,1540453823235
-16448,1344,-4800,-2784,-944,2080,-32,139,-60,269440,1540453823337
-16704,1216,-4928,-2816,-880,2048,-24,158,-64,269460,1540453823341
-16576,1152,-4928,-2832,-928,2032,-13,142,-41,269480,1540453823345
-16704,1088,-4672,-2864,-928,2048,-30,145,-46,269520,1540453823387
-16512,1024,-4416,-2768,-816,2048,-28,149,-38,269540,1540453823390
-16640,1024,-4544,-2800,-880,2080,-34,141,-38,269560,1540453823438
-16576,1088,-4608,-2768,-816,2064,-40,149,-22,269580,1540453823491
-16576,1152,-4672,-2816,-896,2096,-47,149,-25,269600,1540453823494
-16704,1280,-4864,-2768,-864,2032,-32,147,-31,269620,1540453823497
-16512,1216,-4608,-2848,-928,1984,-42,167,-37,269640,1540453823543
-16448,1344,-4736,-2816,-864,2032,-27,133,-18,269700,1540453823594
-16512,1216,-4736,-2848,-896,2064,-34,146,-32,269720,1540453823597
-16512,1216,-4736,-2816,-864,2064,-37,142,-23,269740,1540453823646
-16384,1152,-4736,-2864,-912,2064,-19,116,-18,269760,1540453823648
-16704,1344,-4800,-2864,-832,2080,-19,102,8,269800,1540453823653
-16768,1280,-4992,-2848,-928,2048,-22,103,4,269820,1540453823697
-16768,1344,-4800,-2832,-960,2048,-10,132,7,269840,1540453823801
-16768,1344,-4800,-2848,-960,2112,-1,129,53,269900,1540453823852
-16448,1408,-4544,-2880,-896,2080,-13,164,-13,269940,1540453823855
-16384,1408,-4544,-2912,-992,2096,-1,137,13,269960,1540453823904
-16448,1408,-4608,-2864,-960,2064,-6,185,-14,269980,1540453823907
-16576,1472,-4800,-2896,-976,2096,-11,185,-20,270000,1540453824006
-16384,1344,-4608,-2896,-880,2096,-9,153,-10,270020,1540453824060
-16128,1408,-4928,-2928,-1024,2080,-15,136,-48,270060,1540453824063
-16512,1536,-4992,-2960,-992,2112,-9,161,-43,270080,1540453824109
-16512,1344,-4928,-2960,-1040,2144,-19,127,-41,270100,1540453824113
-16256,1216,-4480,-2848,-1072,2144,-34,112,-50,270140,1540453824160
-16448,1024,-4608,-2928,-992,2096,-37,96,-46,270160,1540453824163
-16512,1088,-4736,-2880,-928,2080,-44,89,-36,270180,1540453824167
-16576,1216,-4800,-2912,-912,2080,-53,88,-49,270200,1540453824210
-16832,1472,-4800,-2912,-960,2112,-49,117,-40,270240,1540453824263
-16640,1280,-4800,-2912,-1008,2128,-55,131,-34,270260,1540453824313
-16576,1472,-4672,-2896,-912,2096,-45,124,-18,270280,1540453824316
-16640,1408,-4864,-2928,-896,2096,-47,180,-38,270340,1540453824364
-16320,1216,-4736,-2944,-976,2096,-53,154,-31,270380,1540453824414
-16384,1216,-4864,-2848,-992,2080,-72,144,-43,270420,1540453824416
-16384,1216,-4800,-2880,-880,2048,-77,132,-44,270440,1540453824421
-16576,1344,-5056,-2832,-1072,2032,-63,166,-42,270460,1540453824466
-16448,1280,-4928,-2848,-912,2048,-52,140,-59,270480,1540453824516
-16448,1280,-4864,-2880,-1040,2000,-53,129,-30,270500,1540453824568
-16448,1216,-4864,-2880,-976,2032,-59,113,-40,270520,1540453824622
-16640,1216,-4672,-2832,-976,2016,-62,133,-43,270540,1540453824625
-16512,1088,-4864,-2832,-976,2000,-61,114,-18,270560,1540453824676
-16576,1344,-5056,-2800,-992,1984,-40,122,-37,270600,1540453824727
-16512,1536,-4608,-2800,-992,2032,-68,146,-40,270620,1540453824730
-16512,1216,-4800,-2800,-944,2048,-43,127,-25,270640,1540453824735
-16576,1344,-4992,-2832,-1056,2000,-39,130,-52,270680,1540453824779
-16384,1216,-4672,-2816,-1104,2032,-49,149,-46,270740,1540453824781
-16448,1024,-4608,-2816,-1120,2032,-39,136,-36,270780,1540453824830
-16448,1024,-4864,-2800,-1088,2048,-32,143,-46,270800,1540453824934
-16448,1088,-4864,-2832,-1184,2000,-42,131,-39,270820,1540453824937
-16384,1152,-5056,-2816,-1152,2016,-16,152,-61,270900,1540453824941
-16320,1216,-4992,-2816,-992,2048,8,140,-48,270920,1540453824945
-16256,1088,-5056,-2848,-1184,2032,22,178,-78,270980,1540453824986
-16320,768,-4864,-2784,-1152,2064,-32,137,-45,271020,1540453824988
-16448,1088,-5184,-2720,-1104,2048,-40,143,-47,271080,1540453825038
-16576,832,-4992,-2800,-1184,2048,-48,156,-34,271100,1540453825041
-16320,1024,-4992,-2784,-1168,2016,-41,130,-37,271140,1540453825046
-16320,896,-4800,-2736,-1072,2032,-37,129,-54,271160,1540453825090
-16384,896,-5056,-2736,-1120,2016,-48,145,-82,271180,1540453825093
-16000,832,-4864,-2752,-1056,1984,-84,120,-73,271200,1540453825142
-16640,896,-4928,-2768,-1008,1984,-57,121,-48,271240,1540453825147
-16576,704,-4800,-2720,-1104,2000,-58,129,-38,271260,1540453825193
-16576,960,-4800,-2704,-1136,2000,-44,118,-33,271280,1540453825247
-16768,1024,-5056,-2736,-1152,2016,-42,141,-41,271320,1540453825250
-16704,896,-4736,-2736,-1168,1984,-32,162,-44,271360,1540453825353
-16512,832,-4736,-2704,-1152,2016,-32,144,-21,271380,1540453825356
-16384,960,-4672,-2736,-1072,2016,-41,160,-33,271400,1540453825360
-16640,896,-4992,-2704,-1120,2048,-49,134,-17,271420,1540453825363
-16704,896,-5248,-2768,-1184,2016,-45,159,-21,271440,1540453825404
-16576,896,-4992,-2688,-1120,1984,-42,165,-20,271460,1540453825458
-16320,960,-4800,-2688,-1072,2064,-33,154,-37,271500,1540453825511
-16576,960,-5120,-2752,-1184,2080,-25,150,-24,271600,1540453825561
-16448,960,-4864,-2800,-1168,1968,-20,142,-26,271620,1540453825564
-16704,832,-4992,-2672,-1168,2016,-21,166,-38,271680,1540453825568
-16704,832,-4736,-2704,-1088,2000,-33,167,-11,271700,1540453825612
-16256,704,-4800,-2720,-1216,2032,-37,138,-18,271760,1540453825664
-16384,768,-4736,-2736,-1200,1984,-32,146,-20,271800,1540453825714
-16448,832,-4800,-2752,-1200,2016,-45,127,-19,271860,1540453825716
-16384,832,-4800,-2784,-1184,2048,-53,108,-29,271880,1540453825769
-16320,960,-4992,-2752,-1184,2000,-45,112,-33,271900,1540453825821
-16704,1088,-5120,-2736,-1200,1984,-47,133,-43,271920,1540453825871
-16640,896,-5184,-2736,-1200,1968,-25,133,-30,271940,1540453825874
-16704,832,-4928,-2688,-1216,2016,-30,145,-38,271960,1540453825878
-16512,832,-4672,-2704,-1200,2000,-39,138,-45,271980,1540453825925
-16320,640,-4736,-2688,-1200,2000,-36,118,-17,272000,1540453825930
-16704,768,-5056,-2656,-1136,1968,-44,146,-30,272060,1540453825976
-16448,832,-4608,-2656,-1120,2000,-37,142,-14,272100,1540453826030
-16384,960,-4864,-2720,-1200,1984,-52,139,-32,272120,1540453826033
-16512,768,-4928,-2704,-1216,1984,-58,139,-22,272160,1540453826038
-16512,1024,-5056,-2752,-1120,1984,-51,141,-23,272180,1540453826080
-16448,832,-5056,-2752,-1136,1904,-41,138,-20,272220,1540453826082
-16448,896,-4992,-2768,-1104,2000,-31,134,-24,272260,1540453826131
-16384,832,-5056,-2720,-1184,1968,-34,147,-20,272280,1540453826186
-16576,832,-4864,-2688,-1216,1968,-30,136,-15,272340,1540453826189
-16640,896,-4864,-2688,-1200,1904,-32,127,-17,272400,1540453826194
-16576,832,-5120,-2704,-1120,1968,-32,149,-23,272420,1540453826293
-16576,896,-4928,-2720,-1184,1936,-34,156,-37,272440,1540453826296
-16192,1088,-4864,-2704,-1168,1936,-20,107,-26,272480,1540453826344
-16512,1152,-5184,-2736,-1200,1968,-24,134,-49,272500,1540453826347
-16512,960,-5056,-2704,-1168,1952,-17,144,-31,272520,1540453826353
-16768,960,-5056,-2736,-1200,1904,-8,150,-10,272540,1540453826394
-16576,896,-4864,-2688,-1216,1984,-17,138,-20,272580,1540453826397
-16640,576,-4800,-2720,-1184,1984,-30,132,0,272600,1540453826447
-16512,896,-4928,-2752,-1232,2000,-38,149,-14,272660,1540453826549
-16448,832,-4800,-2672,-1152,1968,-20,150,-8,272680,1540453826552
-16448,832,-5056,-2768,-1280,1920,-15,135,-10,272700,1540453826599
-16384,1024,-4800,-2704,-1184,1984,-30,129,-36,272720,1540453826602
-16512,960,-5056,-2720,-1184,2016,-30,145,-25,272760,1540453826656
-16512,832,-5056,-2736,-1264,1968,-33,133,-20,272780,1540453826658
-16448,896,-4992,-2736,-1120,1984,-20,142,-29,272800,1540453826709
-16384,960,-4864,-2688,-1232,1968,-38,132,-28,272820,1540453826713
-16512,1024,-4992,-2704,-1152,1952,-40,117,-18,272840,1540453826718
-16448,960,-4928,-2736,-1200,1968,-25,134,-32,272860,1540453826759
-16576,1024,-4992,-2704,-1168,1920,-30,138,-29,272880,1540453826763
-16448,896,-5120,-2752,-1184,1984,-26,140,-26,272900,1540453826812
-16512,960,-4992,-2752,-1200,2000,-27,137,-22,272940,1540453826815
-16512,960,-4800,-2768,-1136,1952,-38,150,-33,272960,1540453826863
-16576,896,-4864,-2720,-1184,1968,-24,139,-25,272980,1540453826916
-16640,1024,-5184,-2768,-1216,2000,-24,145,-22,273020,1540453826918
-16384,1024,-4864,-2672,-1088,1968,-15,113,-2,273080,1540453826968
-16704,896,-5056,-2720,-1072,2000,-18,166,-42,273120,1540453827018
-16576,1024,-5120,-2720,-1168,1968,-11,160,-26,273140,1540453827069
-16512,832,-4864,-2720,-1040,1968,-18,142,-26,273160,1540453827072
-16512,768,-4672,-2736,-1200,1984,-24,153,-20,273180,1540453827120
-16576,896,-4928,-2768,-1184,1984,-20,139,-17,273220,1540453827170
-16576,1024,-4928,-2736,-1168,2000,-28,155,-30,273260,1540453827173
-16448,960,-5120,-2768,-1136,2000,-22,141,-34,273320,1540453827177
-16576,1024,-5056,-2768,-1136,1984,-16,140,-29,273340,1540453827225
-16640,896,-4992,-2720,-1104,1984,-20,133,-40,273360,1540453827229
-16896,1024,-5056,-2800,-1104,2000,-13,131,-18,273380,1540453827276
-16768,896,-4800,-2800,-1104,1968,-19,158,-4,273420,1540453827326
-16576,960,-4928,-2832,-1088,2048,-25,136,6,273480,1540453827378
-16384,1024,-5120,-2784,-1072,1984,-44,155,-9,273500,1540453827381
-16384,960,-5056,-2848,-1104,1984,-30,163,-2,273520,1540453827386
-16128,960,-4928,-2800,-1040,1984,-27,110,-11,273600,1540453827430
-16576,1024,-4992,-2832,-1008,1984,-21,134,-26,273620,1540453827480
-16320,960,-4800,-2800,-992,1952,-12,126,-26,273660,1540453827530
-16192,1152,-4800,-2816,-1024,2016,-14,96,-28,273680,1540453827533
-16384,1216,-4928,-2816,-928,1984,-13,112,-80,273700,1540453827582
-16896,1216,-5184,-2832,-1040,1984,-17,139,-77,273720,1540453827585
-16896,1280,-4992,-2784,-928,2000,9,137,-45,273740,1540453827633
-17088,960,-4992,-2848,-944,2048,-18,170,-37,273780,1540453827635
-17088,768,-4736,-2832,-992,2016,-7,152,-3,273800,1540453827684
-16704,832,-4928,-2864,-944,2032,-26,172,2,273840,1540453827686
-16512,960,-5120,-2848,-944,2000,-28,176,-3,273860,1540453827736
-16512,1024,-5056,-2912,-960,2000,-14,183,-22,273880,1540453827739
-16256,960,-4864,-2880,-992,2000,-20,145,-24,273920,1540453827743
-16256,1024,-4928,-2864,-944,2048,-20,144,-49,273940,1540453827844
-16128,960,-4928,-2896,-1040,2048,-26,151,-57,273960,1540453827847
-16192,832,-4736,-2864,-928,2032,-28,136,-53,273980,1540453827893
-16384,1024,-4928,-2864,-928,2064,-30,111,-50,274020,1540453827897
-16896,1088,-4992,-2928,-848,2048,-35,113,-46,274080,1540453827944
-17024,896,-5056,-2832,-768,2032,-28,135,-18,274100,1540453827947
-16960,896,-5056,-2896,-832,2048,-20,144,-21,274120,1540453827995
-16832,768,-4800,-2752,-768,2032,-27,172,-19,274140,1540453827997
-16704,832,-4800,-2816,-960,2032,-34,166,-10,274160,1540453828047
-16512,960,-4800,-2816,-896,2032,-37,155,1,274200,1540453828098
-16576,960,-4928,-2896,-896,2048,-28,169,-22,274220,1540453828101
-16320,896,-4928,-2880,-896,2048,-33,155,-31,274240,1540453828148
-16512,960,-5056,-2880,-960,2000,-18,120,-29,274340,1540453828252
-16640,768,-4736,-2896,-832,1968,-39,116,-6,274380,1540453828255
-16512,896,-4608,-2832,-864,2080,-50,110,-9,274400,1540453828259
-16576,896,-4800,-2848,-896,2016,-44,131,-13,274420,1540453828302
-16704,1216,-4992,-2864,-896,2016,-40,147,-31,274440,1540453828354
-16704,1216,-5184,-2848,-912,2016,-26,143,-25,274460,1540453828356
-16576,1088,-4928,-2848,-928,2048,-22,150,-34,274480,1540453828360
-16448,1088,-5056,-2800,-944,2016,-22,155,-31,274500,1540453828404
-16448,1088,-4864,-2848,-880,1984,-26,140,-20,274520,1540453828406
-16512,1216,-5056,-2800,-928,2032,-27,153,-29,274560,1540453828458
-16640,1024,-4992,-2896,-896,2000,-18,161,-19,274580,1540453828509
-16576,896,-4992,-2832,-848,1984,-25,164,-18,274600,1540453828513
-16448,960,-4928,-2816,-896,2064,-24,134,-37,274640,1540453828564
-16512,1024,-4864,-2848,-912,2032,-20,120,-24,274660,1540453828566
-16640,960,-5056,-2864,-976,2016,-21,164,-15,274700,1540453828614
-16384,896,-4864,-2912,-912,2064,-23,131,-18,274740,1540453828617
-16384,1152,-4928,-2864,-816,2048,-30,136,-33,274760,1540453828664
-16448,960,-4992,-2832,-912,2032,-36,142,-42,274820,1540453828719
-16512,896,-4992,-2800,-848,2016,-41,135,-37,274840,1540453828825
-16640,960,-5120,-2848,-832,2064,-17,128,-19,274920,1540453828828
-16704,1024,-4544,-2816,-928,2032,-28,143,-22,274940,1540453828875
-16640,960,-4736,-2816,-832,2064,-30,167,-37,274960,1540453828927
-16640,896,-4864,-2832,-880,2016,-41,160,-19,274980,1540453828977
-16640,832,-4992,-2832,-864,2032,-45,137,12,275000,1540453828980
-16576,1024,-4864,-2864,-960,2064,-36,141,-13,275020,1540453829026
-16640,1024,-4992,-2800,-880,2064,-40,161,-24,275040,1540453829031
-16704,1152,-4928,-2832,-896,2000,-33,181,-31,275060,1540453829079
-16384,1024,-4864,-2880,-912,2064,-26,156,-28,275140,1540453829082
-16512,1024,-4928,-2864,-880,2032,-28,150,-24,275160,1540453829130
-16512,960,-4928,-2896,-912,2064,-31,148,-27,275180,1540453829181
-16512,960,-5056,-2816,-768,2016,-25,146,-17,275200,1540453829231
-16512,960,-4928,-2848,-848,2064,-23,148,-26,275280,1540453829234
-16384,1024,-5056,-2880,-960,2112,-39,147,-23,275300,1540453829240
-16512,960,-4928,-2800,-928,2064,-46,158,-23,275320,1540453829281
-16512,1024,-4800,-2832,-912,2080,-42,136,-20,275340,1540453829283
-16576,896,-4864,-2832,-944,2064,-48,137,-29,275380,1540453829332
-16576,1088,-4864,-2864,-800,2032,-34,145,-26,275400,1540453829334
-16768,1088,-4992,-2848,-960,2016,-56,161,-35,275420,1540453829385
-16448,1024,-4864,-2832,-896,2048,-53,124,-3,275460,1540453829388
-16448,1088,-4992,-2864,-912,2000,-35,136,-31,275480,1540453829435
-16512,1152,-5056,-2880,-912,2048,-35,150,-43,275500,1540453829488
-16640,1088,-4992,-2880,-800,2016,-37,147,-13,275520,1540453829491
-16576,960,-4864,-2880,-896,2064,-41,154,-21,275540,1540453829496
-16512,1024,-4736,-2864,-928,2048,-47,155,-19,275560,1540453829544
-16704,960,-4992,-2848,-928,2016,-36,165,-27,275640,1540453829595
-16448,1152,-4928,-2880,-880,2064,-20,159,-21,275660,1540453829645
-16256,1088,-4864,-2832,-944,2016,-25,158,-19,275680,1540453829648
-16512,1024,-4928,-2896,-976,2064,-38,146,-33,275720,1540453829653
-16576,1088,-4928,-2832,-912,2096,-24,146,-17,275740,1540453829749
-16384,1088,-4672,-2880,-928,2000,-29,139,-4,275760,1540453829752
-16448,896,-4736,-2896,-896,2032,-18,129,3,275780,1540453829756
-16512,896,-4864,-2848,-864,2048,-36,134,-11,275820,1540453829798
-16448,960,-4928,-2864,-880,2032,-46,133,-9,275860,1540453829906
-16448,1088,-4992,-2864,-944,2048,-40,130,-18,275880,1540453829909
-16448,1024,-4864,-2832,-928,2016,-50,145,-19,275920,1540453829914
-16448,1024,-4928,-2880,-1024,2032,-45,119,-10,275960,1540453829960
-16576,1088,-4928,-2816,-896,2000,-48,126,-42,276020,1540453829963
-16384,1024,-4672,-2832,-976,2032,-76,122,-20,276040,1540453830011
-16320,1344,-4800,-2832,-912,1968,-69,130,-59,276080,1540453830015
-16640,1344,-5120,-2784,-848,1984,-54,140,-47,276100,1540453830022
